,LogS,LogD,LogP,Pgp-inh,Pgp-sub,HIA,F(20),F(30),Caco-2,MDCK,BBB,PPB,VDss,Fu,CYP1A2-inh,CYP1A2-sub,CYP2C19-inh,CYP2C19-sub,CYP2C9-inh,CYP2C9-sub,CYP2D6-inh,CYP2D6-sub,CYP3A4-inh,CYP3A4-sub,CL,T12,hERG,H-HT,DILI,Ames,ROA,FDAMDD,SkinSen,Carcinogenicity,EC,EI,Respiratory,BCF,IGC50,LC50,LC50DM,NR-AR,NR-AR-LBD,NR-AhR,NR-Aromatase,NR-ER,NR-ER-LBD,NR-PPAR-gamma,SR-ARE,SR-ATAD5,SR-HSE,SR-MMP,SR-p53,MW,Vol,Dense,nHA,nHD,TPSA,nRot,nRing,MaxRing,nHet,nRig,Flex,nStereo,NonBiodegradable,NonGenotoxic_Carcinogenicity,SureChEMBL,LD50_oral,Skin_Sensitization,Acute_Aquatic_Toxicity,Toxicophores,Genotoxic_Carcinogenicity_Mutagenicity,QED,Synth,Fsp3,MCE-18,Natural Product-likeness,Alarm_NMR,BMS,Chelating,PAINS,Lipinski,Pfizer,GSK,GoldenTriangle
LogS,1.0000000000000002,-0.8513288260262003,-0.8166077334730016,-0.5161099575725001,0.4693775022734845,0.6027932296927098,0.3382513995811755,0.3557956954485984,-0.7295231459669225,0.14684518701621235,-0.08084891028272347,-0.5193482352014638,-0.26837858526214287,0.3181303532471832,-0.0830286444377273,0.25627857730513165,-0.18797890998727917,-0.607804067449605,-0.37440781120751176,-0.17943954993352842,-0.2721107270882908,-0.18627901972371808,-0.509033959261964,-0.28132177730766594,-0.4953702983024677,0.30240642304183574,0.10518616173105867,0.40295785197482265,0.21136314709392381,-0.10007224602736293,-0.18289428581734135,0.11449379658858529,0.05932321495590705,0.3545282418693602,-0.12765844746786992,-0.027482792910767138,0.42062026652437784,-0.7090577290312391,0.11700855129557246,-0.27002142499037174,-0.1353592824256167,0.06417275572079541,0.14847298483252377,-0.023026137812701707,0.11102322669865955,-0.1294986431954939,0.12274556896735357,0.06525657276553366,0.15973700821705974,0.17724300065486834,0.1856483894869618,-0.16742425544371894,0.09835322067734446,0.08684905059808196,-0.047900412775446884,0.5607598959827176,0.36704059431438757,0.5447894207090497,0.4749975477496092,0.14668382217595552,-0.1514327958227574,0.10360855279118729,0.37626933471265145,-0.024695638646575646,0.16590080020635192,-0.29561710420317383,0.0191020193097763,-0.020198365210418928,0.45667707361059817,-0.18396734595309583,0.18464576809941793,0.4332910731623213,0.3460214111740602,0.0662888273655738,-0.39695169030614463,0.48787361558820214,-0.10555838450414444,-0.13314645733529676,-0.09883736253052111,-0.011837420434675812,-0.31011115447843246,0.21534139995731666,0.07692765827660285,-0.19676982548463232,0.2491933858776915,-0.0002596448992845519,-0.19847082974205538
LogD,-0.8513288260262003,0.9999999999999998,0.9017484607538456,0.5162370305299305,-0.5519019199187747,-0.6849008810129968,-0.4379932638628019,-0.45356144881163113,0.756257182655519,-0.1104356138715039,0.014515998056512549,0.5179802712168841,0.3252435251361836,-0.2624699507275566,0.06693034463757361,-0.2976683149292202,0.21469791938291652,0.6775825769949361,0.38983707424003544,0.10308632773016016,0.27804930911737713,0.27758139180902236,0.5365698389711419,0.2975846407510063,0.4975169123791884,-0.2699632700080205,-0.2335448939858863,-0.33186983226373884,-0.2642227034887755,0.07903615446963409,0.26218718910972183,-0.023986758507577453,-0.13564934010430546,-0.4046238000608238,0.13258483800764884,0.03782353498101503,-0.4025380940915032,0.7112551821418736,-0.1069182582962284,0.33497071133393974,0.12133930517874777,-0.07705738003435979,-0.07922386759612887,-0.06456040324710392,-0.11478470846990933,0.11675625231816723,-0.1298157790387846,-0.1020355163980157,-0.31227921003407705,-0.11609691141863172,-0.13732443750573478,0.06096493990624539,-0.11257909719858374,-0.19693363286215237,-0.059991957220074166,-0.596472913689266,-0.5118493188223399,-0.5143826507204213,-0.5782746741931116,-0.23672099742436964,0.0025160828366138865,-0.21009432958053068,-0.5010833938100637,-0.13607392175907104,-0.1611738474815237,0.3684344200569635,0.006350233187528865,0.07568783981001834,-0.433845530344566,0.20600838692012838,-0.18389257492003475,-0.4633595380272712,-0.3144836206724295,-0.02166867637222332,0.49506383511553537,-0.5210382297075695,0.18169146681098633,0.018198657899408003,0.26639636611875867,0.001671424496797262,0.24577240824774366,-0.06737733788069758,-0.000887961119360903,0.37290116546992114,-0.2716602080580955,0.10881839702610036,0.3784153687897988
LogP,-0.8166077334730016,0.9017484607538456,1.0,0.379311525479965,-0.5661878813090406,-0.6356177796957138,-0.42726693405118626,-0.45473489374082815,0.7287358526216695,-0.2881686179840167,-0.03463430306954936,0.5218472987631809,0.17294080576576304,-0.2904507350464566,0.06388818297699206,-0.17893912968606235,0.1628200696083905,0.5896538022303979,0.29302708067116834,0.19112539269281484,0.3813814771990008,0.3439689676742307,0.388279653684888,0.2738987625954264,0.42011388013538487,-0.11575321541913346,-0.18415318527791735,-0.23628068202283892,-0.1335333038553418,3.315830270583388e-05,0.2637387140152508,-0.11942517230102617,-0.24983601071774847,-0.4522112899753752,0.04519094707462307,-0.13224097578694285,-0.38261349119718757,0.6439182552733368,-0.10999545437012886,0.25520904590043275,0.11928705003385427,-0.09240188461709141,-0.06648809424364524,0.008462281026672435,-0.06763841892800122,0.07894537487390069,-0.14092515771600658,0.0018069082207267456,-0.11837910249555962,0.008781172325365327,-0.04931079146260458,0.1094162220195872,0.008797742319224564,-0.15419061261953723,-0.021780876037579243,-0.5685690394700904,-0.49873346867776613,-0.5133039752080935,-0.5650535508174498,-0.28546783433123424,0.10732459138132877,-0.050102421016937355,-0.47216448745373496,-0.020637774062652922,-0.338878153262792,0.27140323290044427,-0.03243856940921122,0.08685354723512088,-0.2714063236839563,0.11291655938888583,-0.17856566108441005,-0.35264167671995256,-0.2470129583117296,-0.049729303491252146,0.5174159903778198,-0.5246700791861754,0.02496912252078614,0.11061510602548974,0.24812581759340532,0.137274064809754,0.14564723952873707,-0.06205141332892094,0.02131849928620388,0.33662490417979263,-0.16601637503767747,0.16282613103915064,0.35087176146847776
Pgp-inh,-0.5161099575725001,0.5162370305299305,0.379311525479965,1.0000000000000002,-0.1520774289901196,-0.3166657165835082,0.09961722588729804,0.02796635494963297,0.5419342448488835,-0.011754818089948781,0.0958528468011318,0.09605683324145257,0.46532989298353666,0.07014035960747135,0.032277308410483374,-0.09671843868785578,0.3383383051883536,0.5409181603165076,0.2239932761987161,-0.24354099978899674,-0.09904470242249581,0.04060178616909507,0.7563981725631866,0.5300138471445243,0.3573195797013473,-0.38424491283397094,-0.12320532412448659,-0.1810698250517485,-0.39046583525853495,0.05636047995225377,-0.06060567319280426,0.07301649775871781,0.05656469937979294,-0.1529929329863808,0.14610352546299074,0.09648591694460118,-0.16749046240220594,0.42903847066720735,-0.067465423306859,0.2967564596597115,0.2096914796410232,-0.02163186760542184,0.05855942872484377,-0.1266514063439612,-0.09466329502060578,-0.06588855990410478,-0.0558659992429085,-0.15832998102421744,-0.12082162846792571,-0.07688191138051201,-0.09183076940149851,0.09817382523896982,-0.06240674651782773,0.03688215737991956,0.1292783119282365,-0.3332639025092185,-0.1092539896422329,-0.3031030608409533,-0.18059044013068618,0.1426030086621777,0.015089726937554256,-0.18503022046900897,-0.13667580237999766,-0.01593558153382228,0.1816535020537633,0.17372446530732363,0.04042056979575719,-0.05635384590780711,-0.14410678888602002,0.14610352546299074,-0.07218006197123848,-0.2170772711990279,0.10163376516041386,-0.0572746976525852,-0.042701977879203525,-0.11583167849595274,0.23971341441217844,0.04550021261419643,0.18625301648895146,-0.06048648825747808,0.4833337024907706,-0.0278512154120767,-0.039596520638394445,0.05190765107467268,-0.2333824436376159,-0.14379574285428198,0.0516832765191696
Pgp-sub,0.4693775022734845,-0.5519019199187747,-0.5661878813090406,-0.1520774289901196,0.9999999999999996,0.4569203228033393,0.4123241418719071,0.43345399908100624,-0.607739379439339,-0.08276595399367538,0.028418072647884443,-0.08237151931484658,-0.11051348031605866,-0.1622733196564573,0.10224523057804139,0.25601694266318115,0.09343374050940212,-0.4288239680310448,-0.047521086688570566,-0.2411907689043518,-0.31367199391170214,-0.19072840465931956,-0.12736289847237411,-0.03193492535942429,-0.44821913241985345,0.02617006300102904,0.29508402094975344,0.08729246368764508,0.12182663313370183,0.015726517091132094,-0.2757642976874995,0.1624085004305586,0.24412347366990733,0.5234614491305435,-0.17768919824378349,-0.006157198292676144,0.38061100755253097,-0.37850831347952263,0.2707961028285953,0.06185085247607803,0.3355700352535093,0.09613432919050234,0.015804208253787703,0.2631554302904194,0.15578688463873597,0.18577328667295417,0.23458863537475122,0.23964200562826032,0.36426398877022104,0.07347936083756049,0.13797475306516613,0.15491528599299395,0.2363960459924554,0.5306482627279313,0.4485209524261307,0.45722479288578993,0.6744841766643478,0.5528740019284629,0.6758916432072861,0.5701284343148092,0.30032013321688317,0.4100648477690088,0.6686944116519604,0.3953595298509884,0.3606813597445113,-0.18296816465357207,0.13245103882763629,0.0032763286396027703,0.33432048350564586,-0.0032527152789647244,0.4252204247415398,0.5189938078008379,0.432070385206569,0.1490151863700832,-0.6501881599906786,0.4718156265188899,-0.1544907203858958,0.21476333553943136,-0.427510127476645,0.0014141448153485088,0.019159143050933348,0.11718741407746033,9.16774317633899e-05,-0.4548315344386639,0.12522981403109576,-0.41659547766305727,-0.4607716678213291
HIA,0.6027932296927098,-0.6849008810129968,-0.6356177796957138,-0.3166657165835082,0.4569203228033393,1.0000000000000007,0.7776518186689102,0.8077299093548559,-0.5811565031596978,-0.06535165031778954,-0.07008569641743465,-0.27922626509635895,-0.23691090204961884,0.09994654764830174,0.028384644322747024,0.3801207316552195,-0.05263317659365262,-0.39993418507386735,-0.35787639983995584,-0.08169930157994865,-0.28198061932922586,-0.36187575956806856,-0.3786466086708293,-0.17252102088449828,-0.42080179815642527,0.1043267256027398,-0.03426065243184827,0.2598746412273321,0.27451621175424656,-0.07207074126541382,-0.25409413361712513,0.12238911554553306,0.23240193551688973,0.3869971986064858,-0.03743996061759582,-0.07583107735856193,0.4901264532267351,-0.6413943038964771,0.15196200835448193,-0.19325021882231502,-0.0587447316221788,-0.012421031472915517,0.017592189984874308,-6.582234432763266e-05,0.01655037295825451,0.11692627273142485,0.15624529912452928,0.15515464826470776,0.2669209999879377,0.16540252286336693,0.08927211108574092,-0.05266613598706776,0.057109995283001105,0.36451232611186063,0.25400487922598897,0.5567435699598164,0.5937089544545181,0.32724034259843676,0.5872763038083114,0.3634015622647587,0.1515275746221986,0.20364516313661707,0.5798977145977436,0.2836487362418509,0.1497221266685811,-0.23101722180666198,0.06143878183964091,-0.041523618615794296,0.43937620859927434,-0.04418676425237552,0.23822925671530995,0.3415265616916995,0.4191661288947093,0.17156536683536125,-0.5890299914959749,0.5729516924316317,0.025335636522152042,0.15419480638982283,-0.3369870787605033,0.046083359174299156,-0.06216981474404419,0.08998913977690566,-0.01357931361654583,-0.42824655198599076,0.1396484646399942,-0.2721935097496214,-0.38434948166326766
F(20),0.3382513995811755,-0.4379932638628019,-0.42726693405118626,0.09961722588729804,0.4123241418719071,0.7776518186689102,0.9999999999999998,0.8867668151489574,-0.30617776459600804,-0.07984703732900474,-0.10371495348753068,-0.151713535228085,0.012629756539244323,0.049853693245178715,0.058901605548667996,0.3968709020040975,0.12692777816049464,-0.1820829924882203,-0.2477083795025842,-0.19877406406689055,-0.362885393508304,-0.36742569409452397,-0.025273526482970782,0.06493708234025483,-0.23264324117887594,-0.05509862312495023,-0.08215194211270586,0.15200974132737818,0.10065592762890145,-0.08535527701480862,-0.29882552365814913,0.0647063761033454,0.2570871399987043,0.29716967669474126,-0.03380070757697022,-0.08357623302005036,0.3514610701391039,-0.3454152959897808,0.08654353874228496,-0.029322437238384062,0.1134981225252919,-0.007007286705374968,-0.0218731168403649,-0.06244531984863045,-0.036956374947815444,0.027237471019977366,0.10927515059872824,0.06276853151240186,0.24207466958420298,0.09815588486079764,0.00434055599287197,-0.001072405579748945,0.06135179574250167,0.42747070149003913,0.3278773650882063,0.5468884573198242,0.5868886790413227,0.08592665991954465,0.5024735988619552,0.48627964501565696,0.17692048188205015,0.15894503189693973,0.5937615690980935,0.2766937658249752,0.2947118979820594,-0.3016504691511022,0.1574570481039334,-0.09817372139731752,0.3696928607875717,-0.10208276525159082,0.19689991708028895,0.26818346954985417,0.3997539172284948,0.06354519642949222,-0.6121901735660323,0.4466002608466832,0.1343589805598586,0.1864649753554918,-0.4232370440028903,0.07111365042867988,0.13573084460258608,0.09043533690468668,-0.034127415986896704,-0.38058935871373445,0.13729510808642695,-0.4195187239244915,-0.39413480301793075
F(30),0.3557956954485984,-0.45356144881163113,-0.45473489374082815,0.02796635494963297,0.43345399908100624,0.8077299093548559,0.8867668151489574,1.0000000000000004,-0.34551711879653385,-0.1525353842283432,-0.09313057124952243,-0.16689912199345364,0.05468948965684344,0.049516913692382175,0.0550432565538836,0.37482002229855466,0.1015905576874574,-0.16062989875931463,-0.293392557143612,-0.23036129739273103,-0.40033507793172807,-0.3574294796437445,-0.04083598654804645,0.065752197737922,-0.2573171006475515,-0.0551150477973299,-0.07055834539192443,0.19545361333778932,0.12918906898615776,-0.07925109697595334,-0.290964367966757,0.1612897058343517,0.2339213208412015,0.3260080036331404,-0.03716576760330184,-0.1424099719739667,0.4047936072046949,-0.39075668376494616,0.15486438356182397,-0.04457109271794388,0.11753683516164613,-0.011624212272853433,0.05527694449516171,-0.07776724220193315,-0.060599351253425686,0.10649025792370487,0.14888449237860935,0.07045983416083743,0.2345895351187804,0.12815849541437185,0.019386771456679584,0.0029722404773581813,0.0721290899816285,0.47960105893799987,0.39366963970909663,0.5017508502695295,0.6286329169523998,0.17924721140653946,0.5521438372936224,0.517788136948704,0.2685195242287281,0.1541931304986993,0.620820808807301,0.35343099162962444,0.2936446158984864,-0.1745672170799267,0.10710387171751357,-0.055443959618951724,0.4041392594428162,-0.037165767603301814,0.2443580568600516,0.27129099465542883,0.46675765812793096,0.14924763597113283,-0.6357558508252303,0.5387034605719445,0.11839259081907891,0.26575162604246233,-0.4210531615334764,0.04822240467052821,0.14546506034629167,0.0865322510726477,-0.037813654599836606,-0.40724723670511465,0.1374480953320816,-0.45051516320471297,-0.39511786168764496
Caco-2,-0.7295231459669225,0.756257182655519,0.7287358526216695,0.5419342448488835,-0.607739379439339,-0.5811565031596978,-0.30617776459600804,-0.34551711879653385,1.0000000000000002,-0.027075615912814734,0.22976099534525002,0.3107309870129945,0.3935268513768684,-0.11173977817085058,0.13026647081559228,-0.1357099575673111,0.26640390494578864,0.658653071249746,0.3741386706200449,-0.003031049158821868,0.20311165828556585,0.23149738121442276,0.5642962523603694,0.49874354123964004,0.5180084411705369,-0.2857966605689915,-0.1182197199548827,-0.12980954282755797,-0.22316318547826106,0.17744253889227354,0.18087815546623676,-0.002268821729055414,-0.05269826061677249,-0.32868612680165177,0.24436660839092766,0.18712338244145216,-0.38441929354484244,0.6809737306954428,-0.15559450183173662,0.23718142861915772,0.09639446018774094,-0.015977406951318787,0.11978791938949249,-0.06049734560397635,-0.013350913880088461,-0.0017438150728376288,-0.16258976380511406,-0.15276032147968086,-0.07283738255416197,-0.10826096501229335,-0.015607974296351296,0.11445528919817316,-0.035818511703067,-0.27857027417385744,-0.17818969295628087,-0.4842266653409196,-0.5418498430829772,-0.7114649338134155,-0.6348582719702837,-0.3416340625380078,0.007307681825688507,-0.18093900035846408,-0.5128615607556691,-0.12769180547989406,-0.27007493784003794,0.04028965859560191,0.047404698709970855,0.01623228967246519,-0.32742557206232464,0.25991878623678116,-0.28288320110336074,-0.2776096569700353,-0.28943041447847145,-0.07629445645110282,0.5128875720671825,-0.45976357619288705,0.07763865118632564,-0.05808940966464993,0.1879535036193265,-0.055156922944648454,0.2419874380216006,-0.11329621587864519,-0.09470703650413426,0.38343891955360204,-0.3657310178761128,0.11643317688550636,0.3181685983962395
MDCK,0.14684518701621235,-0.1104356138715039,-0.2881686179840167,-0.011754818089948781,-0.08276595399367538,-0.06535165031778954,-0.07984703732900474,-0.1525353842283432,-0.027075615912814734,0.9999999999999998,0.2445864502592514,-0.2217358709042153,0.08287523482503703,0.2599353690622559,-0.07169661455861774,-0.06789207051115437,-0.10411410657360066,-0.055139883841969,-0.09427114514034499,-0.05516153332060273,-0.08299675550866957,-4.2312046455426105e-05,-0.04970756294727755,-0.16466373908192397,0.14542418412383437,-0.15559714310210265,-0.09812187597995739,-0.00987358779094228,-0.47488590871723885,0.06635124933451964,-0.07544526481315819,-0.042806937338095444,-0.11791136103150952,-0.13195658350230918,0.024819320573338115,0.33955563503179487,-0.12422240209288493,-0.13861763382102374,-0.1912148838505226,-0.24815848307397592,-0.3397531190021358,-0.026820382415595843,-0.06343631014331873,-0.1346413260132922,-0.06667794651989736,-0.12411185299069681,-0.06003968564635915,-0.13154021897908305,-0.2082933777353408,-0.041906646342616996,-0.09958967499886788,-0.1367842757934403,-0.08623331930581048,-0.3819268480077783,-0.41491600541014656,0.02590128458793191,-0.1886141639074444,0.035376714429254136,-0.12110428602666136,-0.26307607968779423,-0.440327090300246,-0.5413219544305524,-0.21932470702881465,-0.43763361395135997,0.1513769723637742,-0.10465709972555091,-0.11683645913735087,-0.04678446393078681,-0.07856976306571196,-0.02700854347570967,-0.14400420821477022,-0.20616020908808147,-0.3091687067136076,-0.05959346713657928,0.04556726368111694,-0.030750172307709444,0.362880230670316,-0.3834773465963344,0.31235968694257615,-0.3137370731448649,-0.07534722314481458,-0.024364068383875392,-0.03454937073119405,0.10777932030735196,0.014597812219053123,0.20517573502715677,-0.060357640498449064
BBB,-0.08084891028272347,0.014515998056512549,-0.03463430306954936,0.0958528468011318,0.028418072647884443,-0.07008569641743465,-0.10371495348753068,-0.09313057124952243,0.22976099534525002,0.2445864502592514,1.0000000000000002,-0.05834699855810599,0.2108239016189535,-0.030797062300392652,0.1397438609850724,0.06170783052146423,0.4513080515457474,0.25472359024083335,0.3804103021949881,-0.1402404608028851,0.06780171625036904,0.12445398784733214,0.0567846674893152,0.1471173806214127,0.09974410502508238,-0.21274423451047378,0.09441906891593907,0.11286557701775024,-0.10664270357564133,0.05275052107050479,0.05015183856904414,0.3583400723454373,-0.0497681711752655,0.18520850686553028,0.40189011471345937,0.4976080171483547,0.1612139080367729,0.15110358267843904,0.2171017297254773,0.046021010689730774,0.09662278420977546,0.14008623672592885,0.3677064263831401,0.15121586019416536,0.08143219852286765,0.1727944386392354,-0.05498039479276606,-0.012789238995785936,0.1523707590423616,0.03240808845923543,0.16036475685809248,0.39621954604692394,0.2611528608496907,-0.1768173300226155,-0.15568765738715754,-0.20608279686751074,-0.16595913353049066,-0.1764360568319355,-0.1762926196859039,-0.19494247383098826,-0.01984215202347628,-0.1819549297650458,-0.17833616043978323,-0.0432688546560086,-0.11970174853125998,-0.24191139569788786,-0.006712201774875553,-0.017185988527767326,0.07568105971786557,0.4377118221299216,-0.12220175115816799,-0.018046882201700018,-0.11068009197184023,0.029933425227684572,0.0850354617441065,0.10990020698055149,-0.04841969047353571,-0.2032507928890675,0.07557893662963724,-0.17871923395317282,0.03316024455275099,-0.03900218985506504,-0.06035712345513494,0.057565133651836554,-0.6181674515966503,0.1160625812672126,-0.05078348776956538
PPB,-0.5193482352014638,0.5179802712168841,0.5218472987631809,0.09605683324145257,-0.08237151931484658,-0.27922626509635895,-0.151713535228085,-0.16689912199345364,0.3107309870129945,-0.2217358709042153,-0.05834699855810599,1.0,0.08460398309304419,-0.8958800084270176,0.1808733167284044,-0.0478566556622768,0.2812413970087046,0.2754245993336367,0.3545525374877779,0.12093225719398837,0.07998705789080901,-0.1094279147202,0.17574237202872545,0.0468977531182965,0.09308094663961519,-0.16439172892946363,0.006322131621027602,-0.06920283043319402,0.14317803881419952,0.015127723234705093,0.023789684896090943,0.08936763110678178,0.04540053007850641,-0.024188845211042666,0.047155404896903806,-0.09482781900735947,-0.019426026497967323,0.39413789927301135,0.29910781200081205,0.4470509504718295,0.41758844336833745,-0.09772797126155575,-0.11140943656079907,0.09158417241866879,-0.04450320593574661,0.3321989467340046,0.039838757819380635,0.23416137126594824,0.06505767116174622,-0.01813625589707901,-0.21984173471693402,0.2608745892288102,0.06405126102639346,0.32082542740523234,0.3447446364832984,-0.028115052897968208,0.08989426997516163,-0.1787081566873884,0.0184009220599906,0.1513551202276877,0.3910443078223633,0.05436835499694299,0.14145167165373715,0.34197051628963554,-0.1051516152160228,0.03827776906145154,0.16932019225162728,0.2821714073323704,-0.028181908739845208,0.24265366955695974,0.15168151571892954,-0.06628272526835133,-0.029694365046835324,0.19717330727033788,0.056463902611988664,-0.16845116947727437,-0.15659474399969475,0.3641564011518354,-0.327599637787104,0.2152339342245167,0.11064937061026009,0.10420842913918667,0.1474735212478023,-0.06301921925592685,-0.16334893081885818,-0.2648624963351857,-0.07987011337776248
VDss,-0.26837858526214287,0.3252435251361836,0.17294080576576304,0.46532989298353666,-0.11051348031605866,-0.23691090204961884,0.012629756539244323,0.05468948965684344,0.3935268513768684,0.08287523482503703,0.2108239016189535,0.08460398309304419,1.0000000000000002,0.026316298083307495,0.0004808467977087987,-0.07156067594750425,0.2597199310571949,0.4139017925572915,0.03472271951292024,-0.46312045270366814,-0.07922394998378834,0.04654598532092309,0.659646973654277,0.27222200824474624,0.3685712277164343,-0.36234820313012384,-0.0905654710068111,0.04371103150660657,-0.3584839623029433,0.2528863085217876,0.09359467531019701,0.1900663504431598,0.0015874813447225651,-0.028037209257625834,-0.06770324530522995,-0.060179349784456784,0.16276738257634166,0.34545797863446787,0.21770075103587655,0.43340940365388675,0.32624899104415167,-0.12099589392116017,0.03529554060683787,-0.20568034139513156,-0.06451072705072868,-0.2954426542615387,-0.12801166836960207,-0.20265659299560643,-0.26576539372818864,-0.17766733784722116,-0.13157613915148617,0.2922623833973251,0.12048723632006136,-0.0025594815049982127,0.05182420798069114,-0.1833491748954544,-0.15405719200100945,-0.35898764397724975,-0.24589846013509373,0.011440429557415753,0.04702633273048718,-0.1271757858823585,-0.13257994607813933,-0.09411204875415907,0.12636489389259087,0.25400644616387186,0.20928073760069574,-0.008916866658758063,-0.14328264883790168,-0.08306962165764209,-0.05177282479040037,-0.25405821004847995,0.012930934830646706,-0.18815224272209172,-0.021237669469204787,0.2575581216456998,0.5251069191224621,-0.0519319559306683,0.13765817081376744,-0.08052295334100859,0.2432182600647145,-0.006352623191628589,-0.040695674746445004,0.22001950022324962,0.0692374516922182,-0.14903428803060195,0.11944913448287323
Fu,0.3181303532471832,-0.2624699507275566,-0.2904507350464566,0.07014035960747135,-0.1622733196564573,0.09994654764830174,0.049853693245178715,0.049516913692382175,-0.11173977817085058,0.2599353690622559,-0.030797062300392652,-0.8958800084270176,0.026316298083307495,0.9999999999999998,-0.25469819999582427,-0.07296029449395952,-0.3253923175811396,-0.06355481797582282,-0.3237325911674563,-0.12520450152867246,0.016894580598723934,0.16160698615479566,-0.02945853926603683,-0.0023610589253838616,0.15965707998807824,0.15577972129092163,-0.06196428617171662,-0.06270285423443848,-0.29306712602494134,-0.005360477195510412,0.006583218101721511,-0.07363570503735697,-0.16632188661933892,-0.2500085494296867,-0.012655012404892536,0.022504394792178695,-0.1515972036319616,-0.23099070161461746,-0.41701767397178585,-0.43692305472286946,-0.46015078222378825,0.05340108038445614,0.0902994889860731,-0.27013984972129174,-0.07361826013144344,-0.33411060848344165,-0.10360097958015975,-0.45447149595022557,-0.25972053726783334,-0.03857561196468679,0.10503409210931713,-0.359840629511127,-0.16121783412334592,-0.41204631634688427,-0.3814515204592703,-0.20387245560426226,-0.26497079714888633,0.0061234274202779364,-0.21604557663904392,-0.23882379905827045,-0.42590636148727434,-0.2114298333166962,-0.3308561780578085,-0.4122305812381126,0.05450478045894963,0.11864143695687765,-0.21438358511326203,-0.2514296085883321,-0.04174962843208424,-0.21979431767577032,-0.14171377380568168,-0.15664326097627554,-0.05397502252332137,-0.19902112759335833,0.09645151322472335,-0.019711223303253048,0.2877788290321267,-0.35656721897382054,0.5124780529423962,-0.27065362628302164,-0.11733727798075211,-0.07786136163544516,-0.11980492128464279,0.18064717535312227,0.1489368415224218,0.3565030690841822,0.1983677606561005
CYP1A2-inh,-0.0830286444377273,0.06693034463757361,0.06388818297699206,0.032277308410483374,0.10224523057804139,0.028384644322747024,0.058901605548667996,0.0550432565538836,0.13026647081559228,-0.07169661455861774,0.1397438609850724,0.1808733167284044,0.0004808467977087987,-0.25469819999582427,0.9999999999999998,0.16284533803960077,0.4615254743335333,0.06467173186577549,0.22167361742666006,-0.19333906624666047,-0.11794036407093433,-0.08090071670655581,0.33450033259261647,0.3856272697465486,-0.13378653799735662,-0.3448771303436736,-0.033546506538856935,0.12781524501226604,0.0674603633886573,-0.0056935351192575236,-0.08111239367507515,0.08897406156378698,0.12280438746653803,-0.02166889992545676,0.12126946889006297,0.3373711261768219,0.05934840918130214,0.11768658516023957,0.05500904533398712,0.07765327050905632,0.09785326772307001,0.04873091198770217,0.09005064090054682,0.06397324036472515,-0.03246677127541434,-0.011110543836583392,-0.007837214297459589,0.0023217923235440206,0.09062350489666668,0.1223015455289188,-0.010343614844094559,0.13666265066198136,0.09559438291485359,0.14916364049772501,0.10609687807420089,0.15658558849427526,0.11084441835599115,0.09662754905867334,0.115226975917762,0.03538660391201939,0.13997456551753004,0.1202512365755615,0.16263526896366998,0.12736458737901912,-0.06306326113603973,-0.2506956037730149,0.09721886213626203,-0.007188299864647445,0.09511580496502667,0.15045834009060274,0.05687155420063693,0.33234868866802336,-0.05138378752232499,0.017890405122992063,-0.11704371846279066,0.027624500055628633,-0.19366461940212645,0.10639771260422207,-0.14765063317535074,0.0348346482013068,0.21385747268401642,-0.00945927139254296,-0.028042833789621142,-0.16643443168574787,-0.20848234149164685,-0.08973214724087891,-0.1790630322562758
CYP1A2-sub,0.25627857730513165,-0.2976683149292202,-0.17893912968606235,-0.09671843868785578,0.25601694266318115,0.3801207316552195,0.3968709020040975,0.37482002229855466,-0.1357099575673111,-0.06789207051115437,0.06170783052146423,-0.0478566556622768,-0.07156067594750425,-0.07296029449395952,0.16284533803960077,0.9999999999999993,0.27138256895074464,-0.12063275684395339,-0.03272220954848161,-0.2165465564402866,-0.30592812174406214,-0.046137486994728374,-0.1338315218406603,0.22728006795831396,-0.25115984773774697,-0.0668507121645488,0.03380996221627892,0.3560302365868191,0.1579595008553194,0.014334517542426211,-0.20174844938953032,0.1448899011260505,-0.023984252860378214,0.20099922326535247,0.2572339724493949,0.16925800022592533,0.295983792476448,-0.34726174273244,0.07505045413747143,-0.05439521227756168,0.14971502010206217,-0.049337399383999,0.010119824479612523,-0.004180732268027504,-0.03010701855832817,0.014213526746515813,-0.04810688140763074,0.052228407643013126,0.346538295883195,0.40582156629016886,-0.05875880809251984,0.0053606382769658244,0.2471193997413033,0.10228951189578048,0.008025842785213821,0.3987675470009147,0.24221250216437354,-0.0027293155340872934,0.19321208595710257,0.09816145639892775,0.06725421915312141,0.1963640699944029,0.2800201181233222,0.08675592221664481,0.04351283603786564,-0.4544681887435071,0.03536505821218079,-0.10449306304688656,0.5160948995540895,0.030604452380736977,0.23153461408635442,0.39051990280380294,0.20575681598052875,-0.0407226677727191,-0.3155736681013195,0.1680562476628324,-0.09537877135708754,0.032864684349877,-0.33295327048397777,-0.13060820975017662,0.11419090888741674,-0.04854648721597677,-0.07134970189179551,-0.12721538778738792,-0.10143411375303399,-0.12326256412344104,-0.20847969511415496
CYP2C19-inh,-0.18797890998727917,0.21469791938291652,0.1628200696083905,0.3383383051883536,0.09343374050940212,-0.05263317659365262,0.12692777816049464,0.1015905576874574,0.26640390494578864,-0.10411410657360066,0.4513080515457474,0.2812413970087046,0.2597199310571949,-0.3253923175811396,0.4615254743335333,0.27138256895074464,0.9999999999999997,0.38567889728389093,0.6600438514166338,-0.21954911515538944,-0.26352600646901647,0.10545721641739433,0.4054927080035259,0.4136870026330639,0.006913609788614597,-0.37957946276954174,-0.025006306719071836,0.19078956073813944,-0.03589131659213402,0.036230503791800775,-0.08301344345520965,0.33243810124152645,0.16488082072338214,0.27237863372155535,0.361257141595874,0.37186909887446806,0.28187790507692995,0.20268467496740578,0.4383247771022133,0.41161835422029147,0.4586041702016378,0.031951087769635074,0.26009048969470727,0.07930118839133193,0.05322101691059012,0.22289516794419184,0.041768311657208464,0.14864141954520815,0.28581170658042937,0.278920008459539,-0.0139730943616171,0.3906854284684966,0.3294230522628512,0.12594462322699324,0.11020880234634435,0.048341701441116984,0.050196115982635,-0.0923756793618752,0.001733198441915614,0.09239198221023791,0.119967338093112,0.041978543135314426,0.09894427881923208,0.14518484948560967,-0.008032968294957688,-0.33647608262099843,0.13175754045789506,-0.024232534278341968,0.27034003103205,0.4700605173949015,0.09242451455698784,0.15742479213347577,0.1303572362700827,0.1389260608438844,-0.1862623851366754,0.09078626850011845,-0.19154440032033898,-0.030581202846128325,-0.17777703805915698,-0.022361936595255816,0.22290439492895658,-0.04542801274015473,-0.07551813254471978,-0.07298145718350346,-0.5726675883107768,-0.13977502836842712,-0.14074472449244493
CYP2C19-sub,-0.607804067449605,0.6775825769949361,0.5896538022303979,0.5409181603165076,-0.4288239680310448,-0.39993418507386735,-0.1820829924882203,-0.16062989875931463,0.658653071249746,-0.055139883841969,0.25472359024083335,0.2754245993336367,0.4139017925572915,-0.06355481797582282,0.06467173186577549,-0.12063275684395339,0.38567889728389093,1.0,0.3554953998675633,0.10037646748077109,0.02841586468911237,0.29546051450475425,0.48287981916105527,0.44857279876384837,0.5632321310676639,-0.21713174814791733,-0.14919359027191442,-0.22461450645506584,-0.34243209292256227,-0.032526728351799844,0.10852994722423598,0.14559905320828265,-0.01906489868776307,-0.23432454753979423,0.3016150620463605,0.24576018541317354,-0.20958794301359232,0.5250167384062608,-0.07037180657619058,0.1941033433320964,0.1181655745052836,-0.00019194129873421352,0.14157554948598972,-0.08816334327973772,-0.10277260188230143,0.25637464245865105,0.08803059838081863,-0.19498591795535875,-0.16528187441714579,-0.11546002111549665,-0.11423203052363215,0.09554305443256213,-0.07252766578011957,-0.23628524649167876,-0.12182838582569717,-0.5406946757870641,-0.4335455083356444,-0.5383834999926282,-0.5332014437485021,-0.22073096523131394,-0.07059877042665796,-0.2705139379709762,-0.44039369840677256,-0.17779018854885323,-0.11467251341415646,0.10756762911732821,0.012194149180946154,-0.08614837069786163,-0.2435812467281767,0.2829132723118535,-0.05481103760188799,-0.32007568459218905,-0.1970149014997133,-0.07618230179344235,0.35144147784618446,-0.34288481719624786,0.2767713183709535,-0.1296859153705699,0.19952528000364553,-0.15337147532382847,0.25007897479627716,-0.05455640983899105,-0.06540756149334129,0.2710301915578526,-0.4624106202766576,0.1619343500658957,0.26577081273235814
CYP2C9-inh,-0.37440781120751176,0.38983707424003544,0.29302708067116834,0.2239932761987161,-0.047521086688570566,-0.35787639983995584,-0.2477083795025842,-0.293392557143612,0.3741386706200449,-0.09427114514034499,0.3804103021949881,0.3545525374877779,0.03472271951292024,-0.3237325911674563,0.22167361742666006,-0.03272220954848161,0.6600438514166338,0.3554953998675633,0.9999999999999998,0.10151404291349252,-0.12937653253294304,0.16539643453740555,0.2899864802282749,0.2907086196446849,-0.0026085840593964814,-0.2768712523288163,0.3028890074018984,-0.12824854471288963,-0.01909597638632061,0.1815266794342667,0.1025807336993576,0.23003829362979353,0.1610692063458483,0.10079258404030139,0.44353259941700995,0.4365184794560231,-0.11359348957091388,0.4350397617105471,0.2799804534388047,0.3990945557608571,0.3777494412203187,0.2310916131698629,0.3091500654571242,0.27098381627338713,0.15642475811587286,0.34237899555570983,0.11731873766769488,0.09127542119186334,0.1592428758335667,-0.020482887316145733,-0.04008818440954006,0.2659877164868583,0.06401271364362095,0.04605243281268256,0.09398106325821046,-0.23141401260028097,-0.13123007746368762,-0.15990127355112402,-0.16565390012562237,-0.010006546514487461,0.19141019925542443,0.11557113945742566,-0.10600703232245193,0.17216065217699592,-0.13404589969019914,-0.150429210494532,0.05276234228534882,-0.013462154518845632,-0.10248001177551504,0.5382153303840291,0.15527899386456315,0.021202066453513635,-0.1810479536960378,0.09996429160936335,0.09856038732013585,-0.2939087004789954,-0.334461754064667,0.04635129718556833,-0.14715789353806996,-0.13296328502715746,0.07757473353488122,-0.05066422432149294,-0.07691699273718602,0.017849490045103347,-0.6892124762999421,-0.07599492484498294,-0.03555173406783643
CYP2C9-sub,-0.17943954993352842,0.10308632773016016,0.19112539269281484,-0.24354099978899674,-0.2411907689043518,-0.08169930157994865,-0.19877406406689055,-0.23036129739273103,-0.003031049158821868,-0.05516153332060273,-0.1402404608028851,0.12093225719398837,-0.46312045270366814,-0.12520450152867246,-0.19333906624666047,-0.2165465564402866,-0.21954911515538944,0.10037646748077109,0.10151404291349252,1.0000000000000002,0.18374597930669948,0.29612278484781784,-0.32380913460945293,-0.26493771922322407,-0.009297067210557229,0.1657037686404678,0.11072897044733261,-0.33713385000726925,0.10312834041280926,-0.1816987662739177,0.1667564563289164,-0.22295989865940782,0.07855138058814676,-0.14660146960738127,0.04509313256338886,0.024059374410454176,-0.30231018621023126,0.10695494046923988,-0.20208055603616093,-0.23563307910874162,-0.3200224049844838,0.15302722821359055,-0.07113875604316489,0.27229151355305387,0.12396060158825975,0.2652624932417784,0.23782961349425083,0.2670620236033123,-0.037795135108992205,-0.17921826530890245,0.027255489296793556,-0.08013500483208498,-0.23698298556973543,-0.22095502739973433,-0.18276305056088368,-0.22326827410404257,-0.21532953205699168,-0.0518688312356584,-0.18842394202102292,-0.24979593240940054,-0.069517512907793,-0.013929141478984481,-0.24786200140237785,-0.0724333309055733,-0.2917623374802005,0.012502941383718384,-0.275470900931003,-0.06983131770744577,-0.3405514170746788,0.012283821716831551,-0.09481503735271499,-0.09760433844033374,-0.30747305193470204,-0.058981515151579886,0.31011350774386764,-0.444719451304901,-0.15475881707609276,-0.06499311641111315,-0.019656679136624878,0.0713860609661596,-0.11754937940138312,-0.1387886865349993,-0.01604076318667114,0.048586589980584065,-0.13415386522320896,0.2652323447120322,0.1142832711435831
CYP2D6-inh,-0.2721107270882908,0.27804930911737713,0.3813814771990008,-0.09904470242249581,-0.31367199391170214,-0.28198061932922586,-0.362885393508304,-0.40033507793172807,0.20311165828556585,-0.08299675550866957,0.06780171625036904,0.07998705789080901,-0.07922394998378834,0.016894580598723934,-0.11794036407093433,-0.30592812174406214,-0.26352600646901647,0.02841586468911237,-0.12937653253294304,0.18374597930669948,0.9999999999999993,0.152601342209638,-0.06823114457627552,-0.20867287768912296,0.3337624681305446,0.06015160374685032,-0.14008732345322952,-0.4167340438946358,-0.016566126168576757,0.025616773490641273,0.21577425088993785,-0.19503656996303118,-0.16612970566058177,-0.22891439473017897,-0.08321515369397701,-0.09755328977954052,-0.19322405889866018,0.2340542687227941,-0.214843769309847,-0.09650630245859294,-0.24977459140252628,-0.07896963299767147,-0.2266595320816328,0.08389069718360469,0.041259849572693394,-0.0534335739837082,-0.07716330686087063,-0.09783697842573322,-0.2627554658892054,-0.14273257389918295,0.1311757863881787,0.0027930199089191807,-0.1342218948748384,-0.2960061791449671,-0.21622792858147488,-0.41633945495540425,-0.3624068064014349,-0.21432368667460258,-0.34664625896502255,-0.33140818014198703,-0.13519754440600776,-0.11754244325226652,-0.3930193596800689,-0.16453200845213503,-0.26800698270066425,0.2545808754490659,-0.20748381106956668,0.026055641047038357,-0.2929591331069741,-0.0889752796987516,-0.31593477717078217,-0.31647458512150906,-0.28845225070336217,-0.09682631902089066,0.42505849636271387,-0.2235448668531987,0.15039936914468352,-0.1838318457889305,0.31039855912577086,0.2601320782015718,-0.1398224896655404,-0.06933556670912117,0.06398806642803972,0.2269419813198433,0.06123250575461274,0.3711103878183172,0.22385649259219087
CYP2D6-sub,-0.18627901972371808,0.27758139180902236,0.3439689676742307,0.04060178616909507,-0.19072840465931956,-0.36187575956806856,-0.36742569409452397,-0.3574294796437445,0.23149738121442276,-4.2312046455426105e-05,0.12445398784733214,-0.1094279147202,0.04654598532092309,0.16160698615479566,-0.08090071670655581,-0.046137486994728374,0.10545721641739433,0.29546051450475425,0.16539643453740555,0.29612278484781784,0.152601342209638,1.0000000000000007,0.05526410045358344,0.08297028709872538,0.2781833143354635,0.12511960318606402,0.19761886435592432,0.03259698202901686,-0.21771823317888261,-0.021068875790965978,0.19530420190957953,0.01742457747579693,-0.24108566462124978,-0.32660294941674484,-0.02630283553324936,0.00185644585632058,-0.2541448803354747,0.1541967058107416,-0.1791979660614683,-0.17776758214383379,-0.14734413951189895,0.011573190560013765,0.07412960737862866,0.21868091307886056,0.12063504553158039,0.2090204552519318,0.0034156120032458573,0.10311414881039735,0.021514849972973475,0.1660604261868575,0.33601643119149,0.013212249962748803,0.24311742043770085,-0.4028579326655242,-0.2933361639147712,-0.5438417385748947,-0.5139922988232183,-0.07031749199154691,-0.48393664644147205,-0.381932554580883,-0.22133405448234791,-0.005972646516232949,-0.5441458231556207,-0.2757490568769306,-0.22771705714633722,-0.005695780871310232,-0.21683021444432654,-0.13460056946968502,-0.11051738933953453,-0.038640321907151394,-0.09077093021558552,0.07407540645891429,-0.022027139963275898,-0.13949382115344042,0.45020424621330335,-0.38908014220039183,0.027590323314678162,-0.2944423168268962,0.41542977877075443,-0.112041178819941,-0.22767653695681028,-0.06478281038648141,-0.10444024923462887,0.4086128869321837,-0.10877485836985946,0.38351333998996306,0.3180731489287457
