,LogS,LogD,LogP,Pgp-inh,Pgp-sub,HIA,F(20),F(30),Caco-2,MDCK,BBB,PPB,VDss,Fu,CYP1A2-inh,CYP1A2-sub,CYP2C19-inh,CYP2C19-sub,CYP2C9-inh,CYP2C9-sub,CYP2D6-inh,CYP2D6-sub,CYP3A4-inh,CYP3A4-sub,CL,T12,hERG,H-HT,DILI,Ames,ROA,FDAMDD,SkinSen,Carcinogenicity,EI,Respiratory,BCF,IGC50,LC50,LC50DM,NR-AR,NR-AR-LBD,NR-AhR,NR-Aromatase,NR-ER,NR-ER-LBD,NR-PPAR-gamma,SR-ARE,SR-ATAD5,SR-HSE,SR-MMP,SR-p53,MW,Vol,Dense,nHA,nHD,TPSA,nRot,nRing,MaxRing,nHet,fChar,nRig,Flex,nStereo,NonBiodegradable,NonGenotoxic_Carcinogenicity,SureChEMBL,LD50_oral,Skin_Sensitization,Acute_Aquatic_Toxicity,Toxicophores,Genotoxic_Carcinogenicity_Mutagenicity,QED,Synth,Fsp3,MCE-18,Natural Product-likeness,Alarm_NMR,BMS,PAINS,Lipinski,Pfizer,GSK,GoldenTriangle
LogS,0.9999999999999997,-0.728082032096526,-0.6369978568083532,-0.4811422921558314,0.2217185277528697,-0.07579176254408262,0.026271985808194353,-0.1719316843474573,0.15219080228728427,-0.01388160545119213,0.5140699892638357,-0.5032345918948815,0.44982266752406663,0.3789542249028787,0.16259320683121894,0.03653560376482393,-0.28485103549187457,0.3770731210352919,-0.3735397978026231,-0.18739178290939257,0.06878579398680329,0.002436314313120538,-0.31056004642368273,0.2399211220926233,0.3159010789366494,0.16717934595447428,0.3775690357501053,0.09990281734069681,-0.23042707361255924,0.3061490150009612,-0.4129576636656214,0.06218114170213839,0.04502433787932515,-0.12383582649008021,-0.08395416793002768,0.30678021088598006,-0.18173505896840883,-0.366817562485387,-0.01569211287612755,-0.3454734363961808,-0.042870533911905935,-0.07481187612329938,-0.3858232346221494,0.10411028102422025,-0.11917936548726474,-0.022290502385509947,-0.45255114944208075,-0.5007391043627033,-0.1657112508462189,-0.2427509876501965,-0.4541110771268481,-0.2712133838413843,-0.3533599409823962,-0.15426743007138907,0.0607187217001297,-0.20059467524084348,-0.04522434806872442,-0.148923213376864,-0.33014037572739563,-0.32602788088672946,-0.1448381283112804,-0.25386169253125584,-0.1373407647694397,-0.31086108735621903,-0.30019735085377,-0.18661564426984995,-0.29659273452468654,-0.2526439235905154,-0.221622160211587,0.03657478501163523,-0.37801254197596007,-0.08412382085612853,-0.24622839267892502,-0.05131968157533608,0.3560511888594137,-0.2976447779660211,0.13628204154785242,-0.2613026498874614,0.1702233291170931,-0.026509715806893975,0.03908625207875766,0.1651026476229105,0.165287355440687,0.1502729370420807,0.21909423133807532,0.15777117668472057
LogD,-0.728082032096526,1.0,0.9088035031883566,0.625628701543633,-0.2126865945810319,0.03791235681640671,0.06348964447207846,0.2561440344800917,-0.2596183310611702,0.09524566492144478,-0.45135522104621484,0.553689023517167,-0.35090504255256144,-0.4082627053539363,-0.3725164984078252,-0.21350410858724808,0.45880775351419667,-0.19541004545767468,0.4908245135050227,0.3495000839039039,0.11994084859553333,0.1837818438124514,0.4923948334254309,0.06717550518390278,-0.11212367438369375,-0.30143399244396674,-0.2415328928065911,0.013684440030066244,0.33671563334577587,-0.1637923249503874,0.428889731026833,-0.027207466609581107,0.11848726494742678,-0.07284820816614836,-0.0757475399257295,-0.11603389104959748,0.02696841258234686,0.560710813217877,0.19119060516410924,0.5056022871031394,-0.13746168279834636,-0.1733596867739931,0.2509160413407412,-0.0701732422800004,0.11127154941830467,0.1667763590981448,0.3434276904326823,0.4339147430536029,0.008093426217710446,0.2621838801211912,0.3453899506782436,0.2174039705195519,0.5131498554796109,0.08702312272958276,-0.047506943419644815,0.2057280594903546,0.007599953093899207,0.14141413382538706,0.4473809108319395,0.42667260532596984,0.08615351316713124,0.3036224149637855,0.21980790547862342,0.45689805741996653,0.4263856963240853,0.32533194156255574,0.20171713711943076,0.37019381709664756,0.4143047475247003,0.09986265333313771,0.26903793882210975,0.27558165476943536,0.3528447979452155,0.07241254337795236,-0.5055453625415284,0.3634198491822111,0.022815511121510288,0.38313331042889603,-0.291205192039197,0.057575451374984835,0.15581520312557764,-0.21553580453690754,-0.32079729076196334,-0.124152835149687,-0.33119232579017854,-0.39548895080169916
LogP,-0.6369978568083532,0.9088035031883566,1.0000000000000004,0.587614690320709,-0.2018744118043711,-0.019617873850971315,0.00859055738232037,0.1304948963774999,-0.3297404902573338,0.07388755549387287,-0.4492356811032441,0.5056270020302716,-0.329331640035312,-0.35124769766668545,-0.36718065030026203,-0.29650113655280314,0.5005997461560743,-0.17736831054342406,0.49431235204014246,0.459848641805795,0.14569380511887564,0.23267155767566103,0.5188123200078607,0.13376140818026933,-0.14836786763218499,-0.28129131384731243,-0.20546911018075878,0.1049867814300364,0.3364626060319149,-0.20494059852012167,0.43231450804201266,0.06730252603991523,0.18675528862887744,-0.22376642526004292,-0.14041349751357335,-0.11223455262432837,-0.05285625020047826,0.6544487074846354,0.28571948026615235,0.5300219096945915,-0.21534413906403704,-0.2481733731098727,0.21426333203282463,0.028309178544193167,0.046507366221467394,0.24010221510915258,0.290693928419889,0.38014653533133264,-0.02488320456040165,0.34078914496363993,0.34927919450515715,0.2398519380969683,0.4724383527930422,0.17401100733925554,-0.0965431176371582,0.10151017307695209,-0.049534549653752445,0.07152489741123276,0.32916738681898766,0.4123844805110654,-0.032476214187409175,0.21315863959066475,0.15643857158364954,0.471538934327896,0.30088381754919996,0.21776305184652084,0.04113560990086329,0.42511530846316264,0.44024988279298727,0.12233612610539593,0.2045571528913815,0.2739052100464584,0.39288889335646954,0.03869183444241285,-0.4699342580752324,0.2637590936896743,-0.07762969711262409,0.40851396516161564,-0.2908908528566803,0.059302507602488105,0.1528400984871947,-0.20630391191032138,-0.2726943438110038,-0.037034860893519914,-0.30640810453450684,-0.4287271819747644
Pgp-inh,-0.4811422921558314,0.625628701543633,0.587614690320709,1.0000000000000002,-0.3097673816951908,-1.2636457419425686e-06,-0.006674349861881214,0.25283241920725763,-0.32466899579459885,0.11132856488755294,-0.3709414609028411,0.4325985620363991,-0.37253823211922493,-0.33188169897767744,-0.45978985653198,-0.22663098099104234,0.20507803679386757,-0.09061402069761394,0.32599582448438563,0.36164348825356374,-0.17760052277316363,0.1078929978050701,0.25736855489852967,0.13924041579754493,-0.19037623117202176,-0.021236083142883142,-0.43176768103280455,0.007194768574849285,0.384699364283563,-0.29317280164408965,0.13147635816848074,-0.03903270619738709,0.042734415617457985,-0.08664820035489995,0.052045397651040826,-0.09508898784856999,-0.07124506834872044,0.35334439425080266,0.10468773810655967,0.44139982927471977,-0.05614289456166412,-0.23530975261903736,0.38543650948315106,-0.07553803379061634,-0.09645160361105334,-0.03577829203737632,0.32933893136179915,0.3386181206561152,0.008760399692079895,0.2776892137962945,0.3755661810266294,0.2855038304153739,0.3804878623121847,0.020953236678775005,0.0012566390860353955,0.185894003349664,0.027358976787215175,0.1391206248057917,0.37493073747977995,0.1285942690480392,-0.10311668391187155,0.2660254121548384,0.03963773966866855,0.2189043236344934,0.4068450381300659,0.21270370697235466,0.27908910425458766,0.4885456456454586,0.43241204836505975,0.04506671126111652,0.15896687793667663,0.12552240493271832,0.481280719807637,0.1103142119935289,-0.39415759304592674,0.3295562317079611,-0.09418388614828788,0.18235194370345295,-0.290765859903854,-0.0379424782887983,-0.022840728566162146,-0.10679010067162932,-0.3336241643455592,-0.18483372494087918,-0.2126291245689962,-0.4093849099603483
Pgp-sub,0.2217185277528697,-0.2126865945810319,-0.2018744118043711,-0.3097673816951908,0.9999999999999998,0.11659411640668896,0.20331316556570336,0.06011245838475009,0.06634221627746797,-0.4161919236963941,0.3009735847285507,-0.39499444910391857,0.5012016170190543,0.4990289032154935,0.047496641105467655,0.20012689346844825,-0.4883923177066353,0.07079043325540435,-0.4555023464697911,-0.48027908823641635,0.2933220722364253,-0.060497044773472224,-0.33290366508358227,-0.1695672762849912,0.07361728385225996,-0.17083371783707108,0.37061711919375606,-0.13818214759845987,-0.39905074604485424,0.03888763286045438,-0.19724805290032657,0.10975991213068906,0.2472748347276491,-0.17721896031149553,-0.23679245965887832,0.08387966776960618,-0.19761518403146702,-0.2936322449733087,-0.3314390632425006,-0.29042951200163286,-0.11321928956107404,-0.010954344156920249,-0.29358244111437665,0.07485365485474962,0.1429460789511928,0.13914033184722013,-0.2472792228299279,-0.24988375637284066,-0.12848566537503445,-0.12258591434064578,-0.29113734655258167,-0.07429893556509164,0.10752514336987568,0.1117357583856873,-0.15761715329580045,0.2019673357376142,0.36089861437517357,0.2252391069760923,0.08241743138655308,0.15737985051158795,-0.05072550026248389,0.1139641493650358,0.1339795573623694,0.08400645721609415,0.049726941157218645,0.09084339311787493,-0.13923228074574862,-0.3412957265947824,-0.29706612929592907,0.04309552252650279,0.1981827577106222,-0.06065773352601155,-0.3895027455447651,0.04238397453080561,-0.0401154064292144,0.1651443729174384,0.4201340078343194,0.20307825344149757,0.1331941053531888,0.13396413472252172,0.19066016505909666,0.16438899318672354,-0.01211685766090248,0.10843466730483653,-0.1323228964745819,0.02345880011772575
HIA,-0.07579176254408262,0.03791235681640671,-0.019617873850971315,-1.2636457419425686e-06,0.11659411640668896,1.0,0.46413119343240045,0.40602675936995436,-0.18124301647517593,-0.09736209120623043,-0.003663190739057043,0.01737172821879402,0.0729343136483386,0.07338046850349571,-0.2591017257864402,-0.11427901123833822,-0.10122121906045671,-0.01736570455485787,0.007102638554174652,-0.028427650259220383,0.08883711164973097,-0.07963603996252408,0.026830246239744546,0.051642468792085075,-0.06845548865267685,-0.0882830937319209,0.0256672210148157,-0.24783114217649366,0.20647096986192862,-0.3098439970361815,-0.16468092563281173,-0.25947921699386056,-0.021513276743603045,-0.07743946456780515,-0.25740184978461184,0.02613487866841773,-0.3334683561682535,-0.19975059075693366,-0.2958104309172283,-0.19550831630071794,-0.12182036279435493,-0.21676915557639176,-0.19362870989516456,-0.29950460423698033,-0.08527003936777362,-0.016815080219799133,-0.1263777128456632,-0.09995732283363983,-0.1575543855554876,-0.16884458730109586,-0.159811657705531,-0.1829107855453902,0.4966232109931925,0.2385758128290826,-0.15821010487028145,0.5322251608751916,0.3990414310086397,0.5245103464376574,0.48735771542038697,0.33135666697723737,-0.026398952831837703,0.5447437882132034,0.037419074164842074,0.33902858294710503,0.4410416366279845,0.005849927359484696,0.00852992855426793,-0.061540547339861675,0.14007404399742202,-0.05872324836801042,0.2980934830445329,0.03985958938772308,0.13408359221073518,0.09353198327338068,-0.38188399941137424,0.3677298585021733,0.15041743026827015,0.3573440771640102,-0.26560233703032166,0.16413573853984093,0.397649478939314,-0.05327180230103904,-0.33251453870057684,0.0491434163111504,-0.11105105103702838,-0.26793077706652185
F(20),0.026271985808194353,0.06348964447207846,0.00859055738232037,-0.006674349861881214,0.20331316556570336,0.46413119343240045,0.9999999999999993,0.6065447533685431,0.04561926496779294,-0.036357842376898784,-0.027477049071620685,-0.07769102351734551,0.13880770200427012,0.03929164852745256,-0.3789849198440723,-0.05963203494856532,-0.23724645678688958,0.29278733515365046,-0.05268709456718495,-0.1313842334915821,0.10460897474634728,-0.22694616589681918,-0.029345575367775212,0.19080524303046945,-0.012288094287021467,-0.1875505083351024,0.043623725271746495,-0.23327004165123075,0.16512902114598596,-0.16352675048112242,-0.13314351780759465,-0.1278235680567338,0.1252377870415948,-0.011587813730370551,-0.26703782162988327,0.19396831699782524,-0.4003620311258565,-0.19685771787193596,-0.21383450852625582,-0.14085642895950135,-0.1580783915592632,-0.28266286708737964,-0.45842272104623744,-0.16607939181905648,-0.20562493586466207,0.10952964339132366,-0.15769571866412674,-0.06774499541523897,-0.33495040738101006,-0.2079876304994431,-0.12616536526003244,-0.20229947534923665,0.47411247816095714,0.032006635035913715,-0.082264842912197,0.5615754587674153,0.17391051709013503,0.5091379757428663,0.44129080942278026,0.30561587027509046,0.06445313479666208,0.5093047774253999,0.12868307602968054,0.31239792764285557,0.40411633461153623,0.12804621232045593,-0.0016124884608790847,-0.2310848637183352,-0.03608026791095962,0.18313319649426693,0.18828222787211715,0.10027104911018239,-0.1170953898755741,0.18560327256591821,-0.39215911892617505,0.4656533494983651,0.49876322893118924,0.4584458308184648,-0.09941379514968039,0.25003477692800874,0.34870991123791956,-0.08521356670438252,-0.43735088153113266,0.07566151875541205,-0.1368117584952747,-0.38410105843594783
F(30),-0.1719316843474573,0.2561440344800917,0.1304948963774999,0.25283241920725763,0.06011245838475009,0.40602675936995436,0.6065447533685431,0.9999999999999997,-0.12840928183956837,-0.028641104610584476,-0.17977926034201316,0.10502801092417353,-0.0974283007083872,-0.12772813466620173,-0.3900368344780939,-0.14686505837504676,-0.11303510301727487,0.07329672865292287,0.10131288874098944,0.011777586333181284,0.03362011902754706,-0.2605775388575083,0.07767555735065548,-0.013695121764196327,-0.0673783009890943,0.03765799788310248,-0.26007387500056356,-0.21520552350493372,0.24337141602392834,-0.1870683798404703,-0.025483742094508932,-0.1045799153493029,0.06963088911386009,0.005012368774912557,-0.09357128906895365,0.0037789440153043626,-0.28888227231367863,-0.013487422244512829,-0.19345423072732215,0.022024440368529238,0.004645100413499947,-0.22301395703782725,-0.12704310955179765,-0.27994252300159594,-0.07341722531614313,-0.03426720635854338,0.05763795434773991,0.08944391810141854,-0.2521520514374156,-0.029176291811690454,0.0933605437747958,-0.009611915750339177,0.448559039808514,-0.0025649389072749584,-0.042850643544657764,0.48539248460851514,0.29808927629022597,0.466197305534534,0.5095129227388957,0.17650041310921466,-0.021778263989816592,0.4772532002453138,0.13234281116424146,0.19790838645176462,0.5285251641929285,0.35461643293413264,0.15472513284585904,0.01874228095891428,0.2463431796722743,-0.007534244988492373,0.1587720877679401,0.006676433362268228,0.17788261019329196,0.094773876240474,-0.42208939752976876,0.5545097735862254,0.4043819027437371,0.2902313990664408,-0.11751559704191139,0.15799297681156343,0.2910216466059154,-0.10932725151192485,-0.39688950098463666,0.016151326864992,-0.18598793433020505,-0.3620242798759396
Caco-2,0.15219080228728427,-0.2596183310611702,-0.3297404902573338,-0.32466899579459885,0.06634221627746797,-0.18124301647517593,0.04561926496779294,-0.12840928183956837,1.0000000000000002,0.1700841104568557,0.2537389811954738,-0.22345383980293723,0.10917762985993225,0.11201915944975777,0.5896289651561124,0.6665436395367335,-0.3216368697002812,0.36966663071354955,-0.34841423339076283,-0.5402370315690581,-0.017843993052708507,-0.13492115763919932,-0.4370527998280671,-0.24919803728084938,-0.08169138895283365,-0.31318167241852096,0.10890101319549578,-0.29730452018771375,-0.5633290292476811,0.41383028530366966,0.02489208339899265,0.08891231889783084,0.10570884013517848,0.5015223667916109,0.552735963395241,0.3073066054426386,0.4064257774547285,-0.24144768114244947,0.05855921460050142,-0.3599646380616916,0.3429953583770577,0.6594330919891972,-0.07275074356319729,0.488592982522987,0.2621649168000939,0.2064546666075108,0.014405603304391711,-0.02623134369253487,0.03329217883837585,-0.07483671885889667,-0.0001425455676956451,0.06045403694840889,-0.5786280580748469,0.054542044218699376,-0.14963876120312058,-0.46121545189717783,-0.39757265365528294,-0.46722935846944774,-0.5306824750718522,-0.37265625448369327,0.13642100511143884,-0.5696747146944454,-0.04288323845638115,-0.5324572300584972,-0.48933418635270903,-0.16161863162838044,0.013386726711763556,-0.6868131912156569,-0.7381766878399868,0.09668385081847078,-0.46391334004381046,-0.2086933997838175,-0.769887035208758,0.12218216639302075,0.6389054602670632,-0.20421768010542024,0.2967967944742866,-0.33867332137551875,0.6534086922378106,-0.2475571139833769,-0.010961070896334718,0.049437133101935864,0.3097697163012308,-0.1718173979541901,0.26597814353389976,0.6646238008203533
MDCK,-0.01388160545119213,0.09524566492144478,0.07388755549387287,0.11132856488755294,-0.4161919236963941,-0.09736209120623043,-0.036357842376898784,-0.028641104610584476,0.1700841104568557,0.9999999999999999,-0.13035496530989413,0.21405085102953125,-0.1777995348641058,-0.2677524622548365,-0.00029037673895468527,0.0646847251376676,0.2737165263176857,0.11407556601932013,0.26194782868717603,0.18441701075678388,-0.008978776005286961,0.006067785885049901,0.19275340550043016,0.1817195151994049,-0.037145797525306,-0.06985375153853432,0.04848855252005365,-0.04768016445889421,0.14269194317264006,0.2287671313920394,0.028375946416636284,-0.026440488328804936,-0.00921332345474811,0.20873582565296958,0.23955479021748532,0.115709821472361,0.15114192291771295,0.21564608077475986,0.33207780975955886,0.07190870900753887,0.03407023199995379,0.0915738635798227,0.0003413139798746433,0.06829452724950569,-0.04116269887289857,0.09262905753955274,0.0486857177810214,0.12093331468202982,-0.046263788710112566,0.036493283567334944,0.13844740273385825,0.005453002865507406,-0.11303887751957377,-0.054814529382283185,0.06402288499280315,-0.11286220174838882,-0.35500339376106443,-0.13535689034602758,-0.12615021163632187,-0.13141908096066093,-0.05362882921616776,-0.09490528359889012,0.045666008226559085,-0.07816959382744035,-0.09441591025055389,-0.14225218931686961,0.23867864394766622,0.016330928533784494,-0.008359872753047686,0.03877935524051721,-0.2662088580289141,-0.005243590332293546,0.08961945129620807,0.5541912387084542,-0.009299930820174716,-0.15398237178231367,-0.11355164066666829,-0.10175549131359524,-0.09990368725249506,-0.12339574973739376,-0.03570461628241253,-0.12881949696501876,0.057657271821187406,-0.017255991763976804,0.1061366659181041,0.006611468523421296
BBB,0.5140699892638357,-0.45135522104621484,-0.4492356811032441,-0.3709414609028411,0.3009735847285507,-0.003663190739057043,-0.027477049071620685,-0.17977926034201316,0.2537389811954738,-0.13035496530989413,1.0000000000000013,-0.5847010052744315,0.7034045606617513,0.5700195326222078,0.2534780627115008,0.37424189728855045,-0.40428933705825004,0.44275241508494156,-0.6716523195298174,-0.42090044474216204,0.057131765967867384,0.2728798585895311,-0.5340979002899592,0.21062758535556156,0.3565068453869001,-0.1921238603503088,0.5566594578907795,0.012040562570777286,-0.35873403137188475,0.2801036161058248,-0.4157862354479062,0.14284390729689575,0.0562583804246176,-0.17412800130318687,-0.025611992229329906,0.2558965681853559,0.109164697842473,-0.5146255291130974,-0.09888422829546546,-0.46988675131361957,0.06465182305409546,0.13504266191923833,-0.12466118289810207,0.22202573739388481,-0.1841157439686775,-0.08848208381717751,-0.5340850017572877,-0.5097829557439563,0.022655477512647484,-0.15647756797266443,-0.5174911332308926,-0.09571113649934697,-0.3749177493053921,-0.08244757703640487,0.00966909519218752,-0.2710134821963265,-0.23428893309641008,-0.3361196371657626,-0.3396567316223777,-0.2676982659980141,0.03326090094149934,-0.3478960156047697,0.11230033578306847,-0.313529609387501,-0.3129376053229735,-0.27879944971417625,-0.1661136792443686,-0.3994848784664063,-0.42211849687466785,-0.08294168645271446,-0.18508569370089392,-0.1814839908626364,-0.4719142580401953,-0.17968516127000195,0.4657661540687127,-0.3571032640899247,0.1938150728943881,-0.25582824179181785,0.16106383925122972,-0.1851417428047271,-0.11713293846768438,0.17435450366213529,0.2924039442669037,-0.031908838964572146,0.09978495625882633,0.2882136776076426
PPB,-0.5032345918948815,0.553689023517167,0.5056270020302716,0.4325985620363991,-0.39499444910391857,0.01737172821879402,-0.07769102351734551,0.10502801092417353,-0.22345383980293723,0.21405085102953125,-0.5847010052744315,1.000000000000001,-0.5808083395009551,-0.8693534818763153,-0.13071879113723242,-0.16595738468004126,0.631160484225856,-0.3819543597973187,0.688732562007729,0.49191640699922007,0.08750592171824881,0.16383177335803176,0.5570843676156614,-0.09955215525205761,-0.1324519740824673,-0.08828164342351265,-0.2812957884858882,0.07951230520351574,0.44414528768995504,-0.1039382253292547,0.3407703582449513,0.021496116036099754,-0.11329722516775323,0.09031406371736472,0.06275866024919292,-0.16538457847022797,0.1598319710889654,0.4720795676516318,0.3004837123849815,0.34453208409465447,-0.0726394079533359,-0.06855464787493012,0.2967674575916105,-0.04331704777309915,0.1249705085219029,0.13402754806233477,0.36656612080230744,0.46259751372255514,0.0039058256359035246,0.20123908316709746,0.39753577575737714,0.12850583382084338,0.27190105764556843,-0.10154085631909063,0.07891384269196404,0.10167773824732601,0.033579694913381745,0.10119625297310093,0.204751930665793,0.2073262186412627,-0.012160759030491713,0.2053729085554164,-0.0037524271256748985,0.2746804623021843,0.17703732237652384,0.033898719542826895,0.22805862371269925,0.43034700211590815,0.3653705264615561,-0.1480619217531633,0.2464309757042308,0.2849038826926866,0.4336431814817503,0.13028050071322106,-0.32581158976877966,0.04959696430719444,-0.4097610029571698,0.141743723234882,-0.3048215661050815,0.07767483565699965,0.14758123107675308,-0.19109423304521203,-0.10016955256001932,-0.043425318115374145,-0.12555933610241596,-0.21987206476385174
VDss,0.44982266752406663,-0.35090504255256144,-0.329331640035312,-0.37253823211922493,0.5012016170190543,0.0729343136483386,0.13880770200427012,-0.0974283007083872,0.10917762985993225,-0.1777995348641058,0.7034045606617513,-0.5808083395009551,1.0000000000000004,0.6786515100661378,-0.0026931884856930127,0.23845319373723947,-0.42347935959439625,0.43688304726818067,-0.6199754174065675,-0.47302493245979715,0.08211970050531665,0.13784943213850595,-0.37622955749643977,0.25422752443517227,0.3470126800981455,-0.27947097406565724,0.738079946586404,0.06559930325645909,-0.2475469313313999,0.22556808988032218,-0.44642170925775837,0.17740667459325402,0.09934946614521045,-0.2824306270266067,-0.297718167829159,0.3220333089594539,-0.08758844993754705,-0.4579906882505778,-0.1536097661141215,-0.4183813545025227,-0.1118270987376355,-0.07581363456596732,-0.3000489556630278,0.17513392908420958,-0.19176757382252752,0.02384695425449116,-0.5036283610445345,-0.5298685141060165,-0.17221541439010785,-0.19157275056181008,-0.5405359991859627,-0.17632996582961974,-0.0927864219850201,-0.07278705639877753,0.03337357047603244,0.02448737904992418,-0.03856703380424175,-0.04532421516104626,-0.15191898228684633,0.03497674668894666,0.04644441932475306,-0.057194628983942675,0.11891468325801248,0.0017536111258465539,-0.17458385400729975,-0.15125162720387766,-0.12329981686792466,-0.3473308136429829,-0.3791622749861804,0.21844287058263667,-0.010539934580576064,-0.05948560664970447,-0.40404116466120554,-0.07362148203442875,0.19912237319392467,-0.16808192972524202,0.41550588811308353,0.10179243508274254,-0.007796045103050916,0.010801026763396816,-0.08308071355493833,0.12572028408966568,0.13529967346417024,0.06114674228254233,-0.07678919782008739,0.018163426694551642
Fu,0.3789542249028787,-0.4082627053539363,-0.35124769766668545,-0.33188169897767744,0.4990289032154935,0.07338046850349571,0.03929164852745256,-0.12772813466620173,0.11201915944975777,-0.2677524622548365,0.5700195326222078,-0.8693534818763153,0.6786515100661378,1.0000000000000002,0.046050986238414846,0.15413837729855,-0.6003994551733636,0.28566820281316635,-0.678021690749725,-0.5088161880106187,-0.046042121303295415,-0.08946071232657174,-0.521908859062966,0.10639045583093039,0.1288969395600854,0.006975191278501511,0.3480228903906624,-0.038440241015088125,-0.42464280709888874,0.03712969108153572,-0.3609730683003291,0.08341298171236,0.1692595081824127,-0.21294946767474407,-0.16011810788366093,0.12371763180571081,-0.17201773621621128,-0.43659237812937823,-0.32880887048434904,-0.34674079639368965,-0.012967873745770681,-0.021980456981120833,-0.22494562508101296,0.03957667777923009,-0.10152844344819871,-0.0704668693257405,-0.3947458560844694,-0.4577334051955726,0.024606706437613163,-0.1117330055135607,-0.41692210412898933,-0.05888749791557645,-0.12559854081177899,0.21234685427685182,-0.14391329025352584,-0.006470517511526945,0.03772781478219913,-0.022237171675719564,-0.1044758284103427,-0.07652720948150286,-0.04259322427331362,-0.10136964671665914,0.08320369553727947,-0.12829365156873668,-0.08578973752221421,-0.07742396187571501,-0.15835630011507787,-0.33680848875628594,-0.3182426868232791,0.24434546338301136,-0.06556005926610349,-0.19113785798451532,-0.34796627284022386,-0.11007403379393822,0.18594061455716493,-0.046900403903446866,0.3735212911808843,-0.013199014429911912,0.18853015511689045,0.00535950815405291,-0.10067591363096844,0.21289530933667303,0.07210430468517395,0.0651454954849173,-0.012916458549936439,0.10634948589381293
CYP1A2-inh,0.16259320683121894,-0.3725164984078252,-0.36718065030026203,-0.45978985653198,0.047496641105467655,-0.2591017257864402,-0.3789849198440723,-0.3900368344780939,0.5896289651561124,-0.00029037673895468527,0.2534780627115008,-0.13071879113723242,-0.0026931884856930127,0.046050986238414846,1.0,0.5328893365697951,-0.003770273409372075,-0.09229231289635426,-0.1961434967266337,-0.29267981805157084,0.0820039466104425,-0.04880657853253118,-0.201370935357645,-0.4739987391960993,-0.05875522222159101,-0.057273270669836576,0.06936301310294088,-0.12773523624480737,-0.5357669387154189,0.37448090821960095,0.19626985824073254,0.18716101107758304,-0.05113653185435917,0.31744906861137967,0.451853165532894,0.05478866513376207,0.5779180608881925,-0.058468716233512456,0.15430485394305826,-0.2553389492017336,0.1428659944914076,0.6170909567460123,0.2479742765171204,0.38976605092678246,0.31695458009807453,0.09426325292147612,0.09691028392458152,0.10682541424106314,0.4027410390010577,0.1859790403681261,0.20357549810834477,0.19091248230911653,-0.7393639935568318,0.02851349732767119,-0.10768100553501121,-0.6469112039851772,-0.18006227850592335,-0.5662993327512731,-0.65010158453245,-0.4953580660856551,0.06147318010577499,-0.6978274911476345,-0.03974869767763178,-0.6207482318444368,-0.6188383297306803,-0.3166660041841774,-0.21186813914711472,-0.40293817220892997,-0.4611239172394902,-0.1974369285612884,-0.20974082912650238,-0.17271404486420894,-0.4433812358964289,-0.08018434200135821,0.6417486065234402,-0.5252881835673011,-0.29037588003630815,-0.6313849117648871,0.6012337177730849,-0.18375221537676054,-0.09578695762176251,0.08276347440572754,0.5328303072597812,-0.04359129651053806,0.3782245341755376,0.8105146196141348
CYP1A2-sub,0.03653560376482393,-0.21350410858724808,-0.29650113655280314,-0.22663098099104234,0.20012689346844825,-0.11427901123833822,-0.05963203494856532,-0.14686505837504676,0.6665436395367335,0.0646847251376676,0.37424189728855045,-0.16595738468004126,0.23845319373723947,0.15413837729855,0.5328893365697951,0.9999999999999997,-0.30838056794871865,0.3033579223779954,-0.41061841863216575,-0.5441915091570847,-0.030575955830781425,0.0491250372307899,-0.42751667865486853,-0.18049622414674876,0.1191128799962717,-0.36527108847642575,0.24131238899843555,-0.17412335181284952,-0.4973042077002552,0.34519185934345153,-0.026639601476070748,0.19816494353554365,-0.10082935826417475,0.41481361774263686,0.35251408687152985,0.38485649083856427,0.33750439862831383,-0.23105931332690052,0.09778545214221,-0.3531668225304458,0.14060200353305377,0.6024983138706104,0.1515642181279701,0.4614968160057387,0.23874771313634138,0.10579928510291847,-0.04481298888492682,0.01346956907890872,0.14888770675085242,-0.03333615885816455,0.05818656627074101,0.14459509219409145,-0.515901652594012,0.1565034912137119,-0.22312996535486362,-0.38082039894056113,-0.24757002512005274,-0.41361124074942224,-0.5045314386601635,-0.310921167032418,0.2603668625138604,-0.47343601069048963,0.12844223618098902,-0.44468727474913666,-0.47806054009597737,-0.2585898779568783,0.11075754213473882,-0.4960987541163956,-0.6878964478801451,-0.013529326398263316,-0.15489161390433306,-0.19730393707849578,-0.6027101662698963,0.10579622027136384,0.5756000097859514,-0.2720555695038712,0.14190825340219468,-0.2856824400835084,0.45150667328839483,-0.18573568539368923,-0.1405111636168939,0.10778317549207994,0.3580877356857644,-0.1570153440358453,0.1264393737639504,0.5976451941114127
CYP2C19-inh,-0.28485103549187457,0.45880775351419667,0.5005997461560743,0.20507803679386757,-0.4883923177066353,-0.10122121906045671,-0.23724645678688958,-0.11303510301727487,-0.3216368697002812,0.2737165263176857,-0.40428933705825004,0.631160484225856,-0.42347935959439625,-0.6003994551733636,-0.003770273409372075,-0.30838056794871865,1.0000000000000002,-0.29846213684067235,0.8123206109947473,0.6876132762920438,0.2107670674430492,0.29295819125348815,0.8269378603146075,0.12979407749141045,0.02042458682901622,-0.06780208691424325,-0.13573309093994468,0.33493954467911896,0.47375215966229206,0.04941538174015719,0.354178774677555,0.1546267869056618,-0.25864786934322115,-0.13634084727675666,-0.07206616767669954,-0.18273931151749068,0.1713072938700373,0.605307221153325,0.5054755756598721,0.4134843504271255,-0.24268845492547136,-0.16441227938159977,0.2591464348170629,-0.06406861808978845,0.022576098898924903,0.09704491237471019,0.25606097100413033,0.3612676350071201,0.1551202695715519,0.3168313465489191,0.34694429159740975,0.1258958007141163,0.10044245119725484,-0.1400672397714459,0.2096926622811367,-0.1217931651861844,-0.15278118719382522,-0.11337274986749546,-0.006330859911565956,0.17182980322393773,0.0015468855556639693,0.020247220924760473,0.06971148697455551,0.2632002584349803,-0.03159958280477013,-0.13216937358191902,-0.12805858209437773,0.44900386279575893,0.45837524204212987,-0.12424536512425689,0.16369912695106026,0.3489705219737493,0.44116557715840454,0.036037413007441586,-0.22977617408501327,-0.24258903255047906,-0.5667599984298864,0.04245971085455802,-0.35751600852984466,0.10456105609000726,0.0244284324376151,-0.1898504183457654,-0.04588274435998272,0.04708397305128934,-0.051444282429072015,-0.23714784512776368
CYP2C19-sub,0.3770731210352919,-0.19541004545767468,-0.17736831054342406,-0.09061402069761394,0.07079043325540435,-0.01736570455485787,0.29278733515365046,0.07329672865292287,0.36966663071354955,0.11407556601932013,0.44275241508494156,-0.3819543597973187,0.43688304726818067,0.28566820281316635,-0.09229231289635426,0.3033579223779954,-0.29846213684067235,1.000000000000001,-0.32781903380398547,-0.16722329932533272,-0.09098097114134687,0.28793114443875273,-0.3132716676960562,0.4841419201441337,0.25457943338011657,-0.3620821349929916,0.3161645490893609,0.06559542538303786,-0.1789322297422414,0.2864267433236556,-0.3156310697632435,0.10332940527566811,0.043573416844891744,0.07246533551632427,0.06914394211168443,0.44628584005917576,0.0020240061496820012,-0.29306624015249394,0.11642101617344135,-0.26479082944275983,0.03392211579874096,0.017866488371474504,-0.2732105179477929,0.23692609110083998,-0.1881251730723708,0.1380569299892035,-0.39539016637717317,-0.38262184765781027,-0.2964827713817188,-0.19147401649479015,-0.3688308253917969,-0.13508062193865183,-0.22154723702774937,0.0014422311046193934,-0.08869729331940279,-0.18099275090338268,-0.4099425897809787,-0.27629220563316786,-0.30235319088348944,-0.13856478418947668,0.16538494452306846,-0.23804217589089655,0.001342102558403594,-0.1667022121816592,-0.27546146017698553,-0.07222223056399614,-0.07909754613430534,-0.36567003837408785,-0.353048454141972,0.21501517880013565,-0.3088810475813995,-0.16432938983069176,-0.4035031557556752,0.0851125182335516,0.3592459584408711,-0.06184032268341719,0.5139161603320099,0.049756566777262916,0.1391689315982098,-0.06993172922186527,-0.10068549144952739,-0.013470090782666623,0.057749010799172606,-0.09416455249734883,-0.05594206669485074,0.04505255079841558
CYP2C9-inh,-0.3735397978026231,0.4908245135050227,0.49431235204014246,0.32599582448438563,-0.4555023464697911,0.007102638554174652,-0.05268709456718495,0.10131288874098944,-0.34841423339076283,0.26194782868717603,-0.6716523195298174,0.688732562007729,-0.6199754174065675,-0.678021690749725,-0.1961434967266337,-0.41061841863216575,0.8123206109947473,-0.32781903380398547,0.9999999999999993,0.6684767009090885,0.03751329059179225,0.05890254163407839,0.8404720999536153,0.15554764836995108,-0.07556466610867818,0.038438388886208014,-0.3251571877373848,0.2596236141572004,0.5768908691830539,-0.10889809131741233,0.3793037160292199,-0.012564150131978749,-0.25646517000777924,-0.030360651631490296,-0.022060908186742105,-0.2594423597200494,0.05669755758461424,0.6467566147744362,0.42546744722913676,0.48658039824766797,-0.24978349789274074,-0.23857450941317812,0.15848502368189976,-0.1269086160487758,-0.008598667408016401,0.14570329232970333,0.4129954894125459,0.5029930071543814,0.05716418076206238,0.2732215582971095,0.42871931743173447,0.08462275518204461,0.33731349236383457,0.03828845801915725,0.0629716246643303,0.1532675520638756,-0.03333653941901772,0.16096313059472603,0.22350973361124993,0.3291923490087715,-0.06171867286527698,0.28432840224608547,0.04784083755347375,0.41045903226380975,0.18571045000288802,0.14020145364191391,0.0013430678867467705,0.41685295843835996,0.5270230603910996,-0.17762831503778145,0.17645542030696015,0.242411478868518,0.5111813743536228,0.07018572695502914,-0.4231396654879183,0.11614188937037134,-0.3863661368549239,0.26424201845634515,-0.3739577716412752,0.16181941175580264,0.041486590650045896,-0.19406788873073122,-0.27758546548889657,0.012251868893346559,-0.13516539938275263,-0.4035051178796132
CYP2C9-sub,-0.18739178290939257,0.3495000839039039,0.459848641805795,0.36164348825356374,-0.48027908823641635,-0.028427650259220383,-0.1313842334915821,0.011777586333181284,-0.5402370315690581,0.18441701075678388,-0.42090044474216204,0.49191640699922007,-0.47302493245979715,-0.5088161880106187,-0.29267981805157084,-0.5441915091570847,0.6876132762920438,-0.16722329932533272,0.6684767009090885,1.0000000000000004,-0.12199341457192442,0.3181403932069021,0.5657281156062159,0.2185235672486268,0.041553344354127594,0.19489926326396464,-0.35587266553281677,0.21284368624572392,0.5595224597728097,-0.13824753115918936,0.14411735976123805,0.10356110514081257,-0.06208007444286633,-0.1945869470042535,-0.10801430750132904,-0.2778161452616164,-0.07515982489191957,0.5338108144713134,0.3571969994969053,0.4592400004142235,-0.21808758621173913,-0.36183950969919787,0.15274918896838102,-0.2030508661543601,-0.23161549947248214,-0.016830830222121937,0.16025017299008415,0.24798744322812438,0.045543895725283154,0.25357412454495953,0.2678792897146044,0.12307495961740517,0.19726235142988383,-0.0499719235348076,0.08771694246557186,-0.014084335489095708,-0.12209758972939477,0.006562474138091955,0.1010494254094952,0.09902070878503906,-0.07593302857403732,0.13473487882878685,-0.033841290466338825,0.2438098033652084,0.10221852190168593,-0.13874725922913722,-0.12408021425701306,0.5529352723139073,0.621710368782133,-0.17769614005254666,0.1350568630546711,0.21002387758042293,0.6486736406698494,-0.04383059913934752,-0.31225909464494717,-0.10118985130020323,-0.4791640966207752,0.09115647826322919,-0.35564155010093623,0.26417042787195083,0.08091930192997421,-0.13553071997738192,-0.16538263777444684,0.12304320532005122,-0.057836195674914034,-0.44639770163483244
CYP2D6-inh,0.06878579398680329,0.11994084859553333,0.14569380511887564,-0.17760052277316363,0.2933220722364253,0.08883711164973097,0.10460897474634728,0.03362011902754706,-0.017843993052708507,-0.008978776005286961,0.057131765967867384,0.08750592171824881,0.08211970050531665,-0.046042121303295415,0.0820039466104425,-0.030575955830781425,0.2107670674430492,-0.09098097114134687,0.03751329059179225,-0.12199341457192442,1.0000000000000009,0.119320188633578,0.18576032499604955,-0.1364361192458359,-0.0422075481205779,-0.2104613586189515,0.27915165176527523,0.07801198905586926,-0.1907359255851082,0.1385466247912102,0.21253969544772167,-0.01407074176175788,0.007952106853414373,-0.1291955332063837,-0.14383487531009978,0.009390562166122824,-0.04803270816003896,0.051224595159179265,0.007042986998848643,-0.06783280835699203,-0.08595377058235021,-0.06271270705332933,-0.15941757396377576,-0.0073415521540622685,0.2754832774870196,0.1478823852080653,-0.04225811358065695,0.020214158462491003,-0.13776428531472576,-0.04426513377670364,-0.04762895705388573,-0.1165630858648801,0.10024603680511955,-0.09151134292732079,0.09093060546685586,0.004318326802128132,0.19859830021025715,0.02938901546832305,0.07056822590695591,0.13072530552081793,-0.08729347115824829,0.02883864171954849,0.19229426962128948,0.11380590853256507,0.05765506280418206,-0.009814624070250026,-0.13547066291605625,-0.02758561522498795,0.031727462725250184,0.10825489584966738,0.1762262613132788,0.2890568481844197,-0.11115111912929294,0.16784373696187668,-0.1117123691217725,-0.030179867206919616,0.036655914013275115,0.050927470109372375,-0.07825882557496802,0.06663011045635123,0.22890217435761484,-0.0671094485927758,0.029769922686434205,0.0312955339427209,-0.11534571395925436,-0.022866351261301765
CYP2D6-sub,0.002436314313120538,0.1837818438124514,0.23267155767566103,0.1078929978050701,-0.060497044773472224,-0.07963603996252408,-0.22694616589681918,-0.2605775388575083,-0.13492115763919932,0.006067785885049901,0.2728798585895311,0.16383177335803176,0.13784943213850595,-0.08946071232657174,-0.04880657853253118,0.0491250372307899,0.29295819125348815,0.28793114443875273,0.05890254163407839,0.3181403932069021,0.119320188633578,1.0,0.12363112238378189,0.34988138816571585,0.21678399822316696,-0.41953149994964134,0.3328961191316219,0.38028698216375695,0.025290298859666032,0.25342925089945284,-0.14404627253682448,0.1834892351376902,-0.14371901151143782,-0.17188265746818146,-0.018873623844080385,0.08119229409167956,0.16731127221515738,0.1192185884422799,0.32788120170120233,0.1376202088144852,-0.050103952216248734,-0.03473103458173227,0.10736971165522499,0.23630871722710065,-0.05164782624866861,0.14166082543344338,-0.18750734284643963,-0.18680535491477965,-0.004954581305232844,-0.01913161774497087,-0.2158591556227425,-0.06646709896224068,-0.10049294326980178,-0.07210451770637412,0.04149474125561231,-0.2977922882848494,-0.331754710684638,-0.3783127860209343,-0.25517922164754425,0.08109799150730597,0.04146030833850925,-0.20567128167128645,0.04304040272685635,0.10789201663002689,-0.27888368466035696,-0.24861343990134951,-0.0455469754962497,0.13928076984115578,-0.007814055837324314,-0.10734932341486167,0.02127470225181303,0.057445453836050174,0.03349475144292985,-0.13144137466824016,0.16276005084797318,-0.3843147842622727,-0.18940076623491947,0.041335012943947494,-0.29878118663193554,0.08200982130274548,-0.16327391668603547,0.039737048837367304,0.15561103701251894,-0.05436428932431265,-0.12763367746370263,-0.08746667092132225
