,LogS,LogD,LogP,Pgp-inh,Pgp-sub,HIA,F(20),F(30),Caco-2,MDCK,BBB,PPB,VDss,Fu,CYP1A2-inh,CYP1A2-sub,CYP2C19-inh,CYP2C19-sub,CYP2C9-inh,CYP2C9-sub,CYP2D6-inh,CYP2D6-sub,CYP3A4-inh,CYP3A4-sub,CL,T12,hERG,H-HT,DILI,Ames,ROA,FDAMDD,SkinSen,Carcinogenicity,EC,EI,Respiratory,BCF,IGC50,LC50,LC50DM,NR-AR,NR-AR-LBD,NR-AhR,NR-Aromatase,NR-ER,NR-ER-LBD,NR-PPAR-gamma,SR-ARE,SR-ATAD5,SR-HSE,SR-MMP,SR-p53,MW,Vol,Dense,nHA,nHD,TPSA,nRot,nRing,nHet,fChar,nRig,Flex,nStereo,NonBiodegradable,NonGenotoxic_Carcinogenicity,SureChEMBL,LD50_oral,Skin_Sensitization,Acute_Aquatic_Toxicity,Toxicophores,Genotoxic_Carcinogenicity_Mutagenicity,QED,Synth,Fsp3,MCE-18,Natural Product-likeness,Alarm_NMR,BMS,Chelating,PAINS,Lipinski,GoldenTriangle
LogS,0.9999999999999997,-0.07030191809415798,-0.15868091299514192,-0.10413484502683923,-0.16925152175460723,-0.08638372696498023,-0.1387234073607114,0.30327286760684025,-0.13623876078564276,0.41054944289950557,-0.41061208640961844,-0.30771341844587174,-0.5317615472009324,0.2491611737449362,-0.15628479249550822,-0.35997513249367374,0.06427676419721773,0.005379921756263629,-0.38781823555514694,-0.2141931744501847,-0.23053760887745717,-0.5418353122799775,0.13709441226010977,0.002981543266471793,-0.367360483014476,0.3665984973018388,-0.4338535600035712,-0.29997665532625406,0.3720396327348057,-0.3602879643831185,0.47844448780296767,-0.5532147221497761,-0.6130432576953027,-0.4633191723470907,0.3929884580931678,0.07296109420630006,-0.7134092394818198,-0.04722061862564051,0.3296870757012388,0.4714725364514816,0.23620663508731354,-0.4166878683948464,-0.29450430766212926,-0.1358789036575193,-0.03788214148587776,-0.21895548688096858,-0.29675377309972406,-0.12194943374399454,-0.4360799397854417,0.5086932292256299,-0.40504888909109016,-0.3925484143669465,-0.45286267537282404,-0.020360815396693058,-0.055148248032585584,0.27702766988364874,0.08948540261284534,-0.03896110593612195,0.18310347446992475,-0.14822593471687223,0.024976685672707503,0.07090277016374413,0.33086763174080164,0.13241172986431027,-0.2592885452729178,0.5651061076487194,-0.3922834956085365,-0.11469578969477223,0.22843297050084577,0.009027740357772209,-0.45080253680861265,-0.2871465603766585,-0.5714299763423827,-0.4967083318402821,0.028835778464584835,0.1898004685612512,-0.020687833547612985,0.06914038811628789,0.5371866190859141,-0.34250867276026753,0.13243056213151447,0.33086763174080147,-0.22423204780884998,0.09422352390530364,0.2244769734060193
LogD,-0.07030191809415798,1.0,0.7354367149630107,0.2388289497547417,-0.08139830201610987,-0.17005744580302887,0.1127679306896017,-0.6079441069258923,0.33415724224065146,-0.03995243817232953,-0.08998806691668623,0.27731308524980186,0.16490854366873117,-0.20756267718441995,0.16264279368564988,-0.038754887928837675,0.3302980026599762,0.2602661476793021,0.05396861794266816,0.10012653661845666,0.32855567695012994,-0.11406939019588183,0.5044995262110197,0.27661990507719497,0.2661477837714529,0.011241332734985014,-0.01620669436641997,0.2231241030654391,0.41937413078458685,-0.2756002719999374,0.2564587995345752,0.21300656308560753,0.04901400931571024,-0.31643862146422347,0.06283833305767408,0.10428615600336423,-0.22061729527976692,0.36555092416547363,0.37993956275394264,0.4440321848182818,0.2992540140421548,-0.06917853651348638,0.023744888881847743,0.2195194037963124,0.16570895565878221,-0.16055074650126805,0.10036979930900115,0.207268111670069,0.18728856460297438,0.10797428020563632,0.050558319423572036,0.35228360681734816,0.2082266924056469,0.05018163564687346,0.07783864452755088,-0.21743482926996896,-0.14206401617556969,-0.4270639164338509,-0.2098461626193863,-0.04803923962427376,0.15223371859019377,-0.1286588404971185,0.08996747409010011,0.1278966229614223,-0.1468889193335913,-0.021347675687376014,-0.039998772416079006,0.00044069446728543793,-0.38859820135578343,-0.45966921546774336,-0.0791526407612716,-0.05171650156906061,0.1200519720559518,0.17786293695558966,0.3404292739197956,-0.031149871564586998,-0.1383995364342758,0.12373190394282621,-0.09057111606312641,0.26196413003463614,-0.030075627646195237,0.08996747409010016,0.27442558002040585,0.07330774119591055,0.07752252805483395
LogP,-0.15868091299514192,0.7354367149630107,0.9999999999999997,0.02196639627120829,-0.11909421762589356,-0.28425692254310186,0.43687622215578803,-0.43165571701314354,0.5505208235654566,-0.1878959961063703,-0.08370148727389362,0.42547504363879646,0.38239455854323534,-0.4297451389416494,0.4195290956292085,0.15748481247388996,0.44358841867882176,0.5856847653971755,0.21241790757643864,0.38752783954976133,0.5074272337726025,0.10720526880293352,0.6008509527470526,0.5164557095071334,0.4189917229003802,-0.0025760650273301045,0.14248989240417909,0.2916367738567792,0.40404135039963124,-0.12208434031176524,0.22914517315758234,0.2934968187384189,0.09990833487188241,-0.2639092302367189,0.11343780556839889,0.36587597441134456,-0.16101055142239085,0.6357324665551018,0.36591398167819045,0.3739890158248722,0.3234764011339722,0.0379592918521294,0.13078588345475087,0.5627548338874768,0.4619439385474691,-0.14904232514283872,0.35386035423243667,0.5318393125998252,0.4285462171316389,-0.026844725071615852,0.1294251021762376,0.6193832081434536,0.5145597066081433,-0.2684289569487818,-0.23912121350360896,-0.1841732292174755,-0.4583295830426935,-0.47058094005765794,-0.503399174226256,-0.3654216600581286,-0.14820725996439765,-0.43491919241248955,0.1392572286280169,-0.19353427450807353,-0.39137429559345716,-0.37991992779052386,0.12735887584502498,0.12182077580012447,-0.4751354846916811,-0.25080084861935437,-0.0945121865267469,0.013956329603107063,0.14552495389602138,0.25047353496957425,0.5860635862678607,-0.36816801394581944,-0.29751037278022247,-0.18791627511309508,0.06310066798766743,0.1408704827952707,-0.31913141161143155,0.13925722862801687,0.33099750936929995,0.2623220168737655,0.22664084077132085
Pgp-inh,-0.10413484502683923,0.2388289497547417,0.02196639627120829,0.9999999999999992,0.19331270073367152,0.18253928758561433,-0.09276036703679931,0.03860254773376032,0.005280642349091831,-0.1261852228990677,-0.08541708288379368,-0.026391376530037328,-0.19689733603703707,0.13554588873994877,-0.23590669590157176,-0.14542466904386434,-0.23078134532573982,-0.04535962816117146,-0.07084418055863256,-0.19353990024629292,-0.22559014319494455,0.11796983897594228,-0.14617571875688617,-0.2099008453743072,-0.23470646773802353,-0.3677840060974036,-0.14502512464513923,-0.17002970320015579,-0.34693353347604383,-0.05535236944805403,0.16813657986710312,-0.13506956087744493,0.13622875437477372,0.15802578135713455,-0.08661342123267982,-0.29384941785973384,0.25919661394933147,-0.3737549539788918,0.08585845164979261,0.20406536168988013,-0.061979232601138246,-0.07379869515754575,-0.09782254267773278,-0.16382093057635694,-0.06193500440879095,0.01645323903197501,-0.11745356215628952,-0.1518326424775675,-0.20095327731254214,-0.18251817684921848,-0.16106054587100288,-0.2514118543055308,-0.17709265153130452,0.6592296343573385,0.6704071515176683,-0.1857435129024684,0.5857754871634757,0.0961232370793444,0.49032090121552147,0.490200198840684,0.7252062695703648,0.5586296396724475,-0.004455623339992048,0.7277677745848373,0.2617432635360291,0.5040142570038345,-0.18585625028447675,-0.12313664519374562,-0.0792321337799193,-0.04282506764361789,0.030601137706964585,-0.09121482901089374,-0.17724332554638247,-0.1627063750475764,-0.2718775723709686,0.6295292629559335,0.31918789177045037,0.73157338739387,-0.3663508119590187,-0.13016444796809729,0.5987971825073894,-0.004455623339992046,-0.06319212483113482,-0.33932889820601553,-0.3727851004319507
Pgp-sub,-0.16925152175460723,-0.08139830201610987,-0.11909421762589356,0.19331270073367152,1.0000000000000004,0.03201461430872776,-0.12208282708268832,0.10563338758196524,-0.1823980598169836,-0.2841413293855899,-0.033007430187505765,-0.37612676078305074,-0.14399786451602525,0.3568094290337446,-0.34371737130684477,-0.051760295641341464,-0.07294600688337055,-0.12030474200964833,-0.008907514330233783,-0.38053966592699173,-0.15567369117832047,0.0248326690322909,-0.10699489625333215,0.2176249932421901,-0.18666058320869294,-0.2972821314025673,0.21010206326603786,0.11104492942957263,-0.15830517423967938,-0.22302097220478972,0.08219270157636101,0.10137492626305258,-0.09235970985142736,0.1748189404057744,-0.7024517711710421,-0.48795803174875313,0.2136792239440928,-0.41597222396992534,-0.06870423889471405,-0.15091076834766026,-0.21444153657174628,0.14871365513212548,-0.20957121539896373,-0.1954127701940076,-0.13419501018084962,0.13592773553841575,-0.3131494843184249,-0.2762851746439853,-0.2962190931053461,-0.447407679756269,-0.18657958791049792,-0.250644167192952,-0.27428775493195334,0.2543987777997304,0.27007778323865606,-0.21090466271566002,0.2967074740321203,0.05250406933566944,0.2414612911781852,0.2345573485230207,0.239020368063727,0.25984943731499127,-0.09486327056553068,0.23154974535259282,0.19352534136413468,0.2566869361590721,-0.17091455770922606,-0.21455204644321985,0.07680499421397348,0.19815883184799746,-0.12571541051772184,-0.10528870624298728,0.11366312532814082,-0.0053379172472781435,-0.11147352230664338,0.20235034505997698,0.5165696974366392,0.3023204249754517,-0.35363592823371165,0.1169502241156127,0.1327153319587033,-0.09486327056553065,-0.01205125451803971,-0.22328607269434864,-0.1722024961601847
HIA,-0.08638372696498023,-0.17005744580302887,-0.28425692254310186,0.18253928758561433,0.03201461430872776,0.9999999999999997,0.02531862996662786,0.46495124478639593,-0.1811338951176364,-0.11298067093088189,-0.08533096202841209,-0.046186969848701166,-0.22931832308168953,0.054186810629910244,-0.33456660654141024,-0.18765507465497538,-0.24622209564020703,-0.04331614394278875,-0.30704696242852797,-0.014736041982243053,-0.37387851181768517,0.33530054656957164,-0.32656400376486605,-0.4556703473781223,-0.2747277128049108,-0.007936710149408926,0.09456729112531323,-0.1442515715148851,-0.5234285550552997,0.17972098936286454,-0.2715064664358765,0.062499977669925495,0.28791638073770404,0.02130590551194484,-0.22839840079371165,-0.34715693551058596,0.2139491858417033,-0.4443498953734861,-0.7258654318957385,-0.4510304420102206,-0.43282902127664713,-0.14106381163395432,-0.1620665046351229,-0.19130456220183417,-0.1325823183005319,0.01471743145866863,-0.027015531562684436,-0.1743206786216999,-0.014923155942618383,-0.22332418627514256,-0.22432354659004738,-0.31119320193687916,-0.08349178537209302,0.3776731814502442,0.38031547935650006,-0.10558594557272467,0.39796294602092075,0.20197633974310783,0.2562042267669866,0.4579581871455157,0.3549806260471491,0.3856723896785875,0.08089644433650289,0.32938341500217533,0.4453670081219423,0.12112835890606402,0.058749966383930353,-0.08702080240781251,0.014294507270373406,-0.058040200178825364,0.3367419319098311,-0.0953339928617987,0.015374386969114494,-0.06254277822570124,-0.4542970267248223,0.17325679339592842,0.43546838204843685,0.30172536168016717,-0.4528283240011733,0.03414573303346331,0.40001875882863036,0.08089644433650287,0.010380635270334847,-0.5040970369262017,-0.5499989423194275
F(20),-0.1387234073607114,0.1127679306896017,0.43687622215578803,-0.09276036703679931,-0.12208282708268832,0.02531862996662786,0.9999999999999992,-0.02789139237426941,0.37141886485847575,-0.39160198583844197,0.05851873788103804,0.6704574912340725,0.021899679334910882,-0.6906976914229688,0.5219244285151956,0.08638707270148954,0.24245089616889162,0.8191458260762929,0.18728853909833923,0.5924149328721355,0.033167309274432996,0.23351482859518996,0.18402732806414981,-0.02877729696339957,0.005018644127296967,0.3749127343834321,0.28616377871512816,-0.1360274493089552,-0.06844684453502975,0.2268593228398843,-0.28194431717162743,0.15338400382215928,0.4080096885016001,-0.22159978722592913,-0.10131519959651067,0.4150761823002325,-0.19576192270277018,0.4932837830885011,-0.20017574153979836,-0.2609958640971821,0.32178817108318114,0.1541330554890142,0.3294425899749097,0.9102028144468339,0.856717719049971,0.09886670214104062,0.6291242278491326,0.879878167334758,0.7031531451736047,-0.17847342246910883,0.18581317336259884,0.46578326724304653,0.7625313972011929,-0.13446191874805263,-0.11897894134645026,-0.14876866601575162,-0.2152942164651665,0.10532604211295735,-0.15725211684331153,-0.13439646470635197,-0.02669847548273105,-0.20085038076607092,0.0515938015938274,-0.10327694869133358,-0.13932316208468837,-0.45582763181546193,0.16116364708482647,0.07480101630746794,-0.10752054294610504,0.022489605822950398,0.2517294407346173,0.04781218016373173,0.07755745478129249,0.10580754916776969,0.1383014227508404,-0.24293020140448607,-0.4084837962754808,-0.146639871971517,0.016806461441133895,0.0015783214104812542,-0.15677236033392397,0.05159380159382738,-0.04726717191736901,0.03186355333194267,0.001964825995421287
F(30),0.30327286760684025,-0.6079441069258923,-0.43165571701314354,0.03860254773376032,0.10563338758196524,0.46495124478639593,-0.02789139237426941,1.0000000000000002,-0.20663310573767768,-0.08048028033173311,-0.0644257299069237,-0.15714542433310613,-0.3484183756830358,0.15892525649994121,-0.2161332595185927,-0.1535233400134976,-0.10708677523393596,-0.04792757583009617,-0.2196668308648731,-0.13964344472694462,-0.3419193131481798,-0.06463962743568481,-0.22090337036875812,-0.30557851207969444,-0.3700158937772898,0.19371496387384352,-0.054497685743145355,-0.13896532831054073,-0.32322705715592187,0.21085901698079482,-0.277446069106819,-0.08391302515583893,0.010546921857460883,-0.13559706070337935,-0.1483256315963905,-0.27166077933819593,0.06826544386328585,-0.22698468788468756,-0.3311273303646573,-0.22957426734031594,-0.1290125642670872,-0.014261431997983418,-0.10979503680391113,-0.15119658991259824,-0.06761875288671085,0.2109034517683432,-0.08140329088825439,-0.1366256532645794,-0.10938077302226584,-0.14597156605924858,-0.1774247055054033,-0.26702649723426086,-0.16030661807709268,0.2572351909553564,0.23789762418793958,0.08051246672155092,0.36551221233007053,0.38035006690489215,0.37210881487870867,0.2640122647543007,0.1977127225266282,0.3420916165858773,0.03697167750915098,0.1971952612027549,0.25948730303964407,0.39314646915639584,0.07903774482496562,-0.1130819326624945,0.385314463159858,0.02868807266360808,0.14719900010502554,-0.10539909272983224,-0.09828815532643526,-0.10251635393246525,-0.3703524274510678,0.29772969632783614,0.3616991227480766,0.22539636679452338,0.034105409914125515,-0.07133571773773952,0.30229145666207285,0.036971677509150966,-0.04715190714434218,-0.30627538555006095,-0.3348824672089665
Caco-2,-0.13623876078564276,0.33415724224065146,0.5505208235654566,0.005280642349091831,-0.1823980598169836,-0.1811338951176364,0.37141886485847575,-0.20663310573767768,0.9999999999999998,0.1409443121656075,0.5626336055890568,0.3859239478551569,0.05296433694097824,-0.45773787446167746,0.8267798424507133,0.418441803424905,0.36633262800746635,0.5689954070970478,0.2292624709398456,0.2975994797344386,0.18116917460622,-0.10106241908424841,0.4248739713097241,0.410795436576064,0.11429073979435585,-0.00014365061755091673,-0.32929016939113503,0.20583499471074013,0.4312650065552637,-0.04796975883503664,0.12291082823937595,-0.05595699549659214,0.2430420391950893,0.0986886550056345,0.16048784823383008,0.5362394284082381,-0.21798597042844403,0.5478115671033498,0.33707008340120836,0.11277863926232315,0.16908549058807346,0.6301563807676431,0.7200223543221941,0.6116155730125805,0.6551161774079186,0.5087615054551173,0.30853046434205134,0.5992168193579139,0.24296747431073987,0.06476993684045106,0.6825074869509649,0.529351547295964,0.5070321097227672,-0.430823015828794,-0.42499313764902225,0.04194670118526323,-0.5599637370475126,-0.5736406966895857,-0.5382216804631437,-0.5385037756476683,-0.29626817738344763,-0.535339865699906,-0.5483963164803395,-0.3440499170246435,-0.5574506268221948,-0.40647034849653163,-0.07145315162582087,0.14453770146421813,-0.2788505922969895,-0.3590191315188024,-0.39344148426301573,0.40416420437477757,-0.1765107849204735,-0.005000369254150958,0.6487236075283509,-0.2693319226119073,-0.42896670140163606,-0.34682018688972027,0.2591912742526619,-0.12063849195790345,-0.3783851460664054,-0.5483963164803394,0.03803622580675681,0.4939497337476113,0.48295215643444445
MDCK,0.41054944289950557,-0.03995243817232953,-0.1878959961063703,-0.1261852228990677,-0.2841413293855899,-0.11298067093088189,-0.39160198583844197,-0.08048028033173311,0.1409443121656075,0.9999999999999997,0.14843030650001868,-0.28463960439569114,-0.2934947359370207,0.22736930999081797,0.08201314597208277,-0.03912575355224968,0.10141457904421342,-0.30861023211881994,-0.15068743912225463,-0.3632832484027865,-0.13264625197988883,-0.44274528155211257,-0.028777462614058544,0.028099528945887513,-0.12171382325659143,-0.1269326319697354,-0.3385968134485214,-0.17993004024292225,0.3781283791281614,-0.4190138595117462,0.44461647980890473,-0.34481859051899466,-0.3684543824151597,0.28331647957055994,0.5907752892211318,0.1459186895703461,-0.3133979298110883,-0.1063015021299836,0.28446013543460313,0.20580001241538315,-0.18000517916622472,0.10786581248804769,0.173357324498879,-0.2896359469327129,-0.17826375760347257,0.07454544525582601,-0.40929561410939735,-0.2834255304764986,-0.5110766200605124,0.5441773165736422,0.10682807214955592,-0.2254816707328168,-0.4252444184853327,-0.22997638569270878,-0.2609088261204715,0.32621259334569436,-0.11824914814238148,-0.347741655846324,-0.06270867381140495,-0.3216834018288703,-0.20331958317136323,-0.1265686944627639,-0.2322950208256731,-0.08180708446395013,-0.36094541516800477,0.16459719696427486,-0.27417425167087894,0.001976947107293024,-0.22547608122590518,-0.02944536982632094,-0.5129594461519165,0.11901695008288887,-0.3686707248449853,-0.2484687873625934,0.23021563603623946,-0.01124704105484545,-0.13657143931944893,-0.14071163241843054,0.23408646765275423,-0.18812953026071266,-0.14482091305510617,-0.2322950208256731,-0.2365236500952575,0.31415095882561683,0.34192678949130473
BBB,-0.41061208640961844,-0.08998806691668623,-0.08370148727389362,-0.08541708288379368,-0.033007430187505765,-0.08533096202841209,0.05851873788103804,-0.0644257299069237,0.5626336055890568,0.14843030650001868,0.9999999999999997,0.41212884369891284,0.07073160127774399,-0.42908056956518725,0.6520601190908007,0.6108273863604547,-0.09378353330885204,-0.05426064046653771,0.2385143372948484,0.06746069111782205,-0.14646901495565035,-0.17399833507425422,-0.08870780734907113,-0.0897743460473825,-0.061987014021842625,0.054267217367139166,-0.06658635658631103,0.09361615936689006,0.11046148593509658,0.31940645378172505,-0.4336670405098338,0.11937830962773502,0.5565092736865063,0.39037052173866027,-0.06672820961709362,0.13513440469323257,0.13327036549773175,0.20906604375177734,-0.09926327879320081,-0.3852352885314353,0.046615347919585416,0.8866997325441066,0.8596423343211459,0.17436080992008995,0.2324996883886367,0.8495898887058793,0.2408189024881088,0.18024956474199483,0.20654076312808017,-0.027542337661034644,0.9163496449427884,0.35664760398838347,0.31519274818699017,-0.19570335637207784,-0.22246949918281758,0.29389943857192424,-0.22366195663667912,-0.018858356034748502,-0.13016230708000154,-0.24840546664424903,-0.16850546935724658,-0.16635298906334797,-0.9376913174682301,-0.2574117578117384,-0.21875670632293914,-0.3361248155421762,0.28739342403206014,0.3125334052349009,-0.14584466574452995,-0.09243175820314699,0.06337719587711362,0.7416907567146511,0.11689405489666661,0.10390607797717852,0.09135675253277249,0.02503745200384003,-0.37935936304107054,-0.1906425223011578,-0.06250266784735276,0.1309817866283553,-0.24251631250736805,-0.9376913174682298,-0.08717432535381266,0.21070161408949212,0.20098966966381276
PPB,-0.30771341844587174,0.27731308524980186,0.42547504363879646,-0.026391376530037328,-0.37612676078305074,-0.046186969848701166,0.6704574912340725,-0.15714542433310613,0.3859239478551569,-0.28463960439569114,0.41212884369891284,1.0,0.2924516262554971,-0.9624513095943127,0.6633278418097976,0.4185077441841372,-0.06479492558535761,0.40473845345160187,0.20762047928763722,0.6259110765183271,0.004002534033786674,0.14353167325090824,0.12469359971607222,-0.2165656242605414,0.1726407692248511,0.4085268347746517,0.27760946017853594,-0.03707984656705303,0.07452835122549331,0.4981084707365207,-0.52796072661126,0.3019882191736901,0.6541752919486077,-0.2208472810689483,0.02158110829671743,0.37586462839907525,-0.053501811651670346,0.5936003775067309,-0.18637711399763093,-0.17677385812856522,0.5280635114199334,0.2963172569977025,0.5634135620538914,0.6527859236086849,0.544855266105943,0.27558458142596953,0.7942018137246022,0.6614446638820533,0.8130747476771849,-0.026937675562673208,0.5172573462744154,0.6488809489506298,0.7590174243030288,-0.03290738116412627,-0.04642180415929316,0.1450203107125182,-0.15007209723452591,0.23139703629207323,-0.061807376560163496,-0.12564358034037698,0.03572051973423674,-0.07849825942578603,-0.22020633079122703,-0.07655439428652439,-0.15881127203559342,-0.4403931183661068,0.5471824780586376,0.32059576631812686,-0.2301182222853122,-0.07858258959586381,0.5337001574552483,0.4023166578779536,0.3268415479917493,0.2649138650708935,0.0248613415927844,-0.04085916070958317,-0.6625698105480944,-0.06044663367694446,-0.05084002819910877,0.28580261572671617,-0.20214409765135044,-0.22020633079122698,-0.029455259497358124,0.15429737987604172,0.08247861054978985
VDss,-0.5317615472009324,0.16490854366873117,0.38239455854323534,-0.19689733603703707,-0.14399786451602525,-0.22931832308168953,0.021899679334910882,-0.3484183756830358,0.05296433694097824,-0.2934947359370207,0.07073160127774399,0.2924516262554971,0.9999999999999993,-0.2305616433946115,0.18275974997461225,0.23493555878125774,-0.02927666988086031,-0.0026344028655969874,0.378521183169619,0.2013896635956869,0.587317038050662,0.4732880055759283,0.34324490438100713,0.34194299167641207,0.7478484587115679,-0.32784560887978553,0.5206850907365406,0.5687212074632142,0.06254851007820565,0.2300946120890493,-0.12435076201365408,0.5764561153951442,0.06345675784960507,-0.07719973765061353,0.029207932257082223,0.04841270563382809,0.23844878118867596,0.4185938384032171,0.07849975650399937,0.18113194341950423,0.3199781888412793,-0.02502237969672095,0.015490282185358403,0.08233417735445173,-0.17270068516379017,-0.26006169666277135,0.18919306323979224,0.07756692765914933,0.33758588057642136,-0.039833261050576094,0.22260020703828343,0.44350935613122694,0.36986581866726265,-0.3372387844304452,-0.3057637901386093,-0.17326081834264273,-0.442005789235259,-0.1711307488415901,-0.5095083131714608,-0.244262292693865,-0.3803568370780511,-0.4106326057787153,0.10193577957972268,-0.42240172915021046,-0.09508324253334804,-0.5676324896138363,0.45498672906173965,0.2165776213827682,-0.30613389810471237,0.024039177163228405,0.21526115911589822,0.14914578470348505,0.4894644292774067,0.44164361583379114,0.36444205464760554,-0.4665978489185956,-0.1828406881345516,-0.4097125375251319,-0.10923531200084322,0.12208308543267944,-0.5591113216959488,0.10193577957972264,0.40418366598970557,0.2748928790523388,0.1609115982719813
Fu,0.2491611737449362,-0.20756267718441995,-0.4297451389416494,0.13554588873994877,0.3568094290337446,0.054186810629910244,-0.6906976914229688,0.15892525649994121,-0.45773787446167746,0.22736930999081797,-0.42908056956518725,-0.9624513095943127,-0.2305616433946115,0.9999999999999998,-0.740928590549242,-0.5305276601423972,0.025426696635589476,-0.4411379666811611,-0.16499755201418248,-0.7136807582804761,0.04283133226768106,-0.10276492102638453,-0.10347240873487848,0.18929752024119395,-0.15897871488851226,-0.3947076211344859,-0.18088647489653334,0.11413177496332884,-0.120916911314318,-0.5072980402492657,0.4677026752413583,-0.16630921874298357,-0.5930074565212166,0.1415823729389765,-0.012246847258880936,-0.508140823621964,0.09821927776215597,-0.5963168964540226,0.19693742306544906,0.23518774048954044,-0.4459099496008319,-0.3288239611507555,-0.5959553739013667,-0.701676856631712,-0.6057278239540946,-0.2886776122499448,-0.849887315772361,-0.7015472099019242,-0.7626405994999393,0.06012620139731119,-0.5274564209864354,-0.6410804801394376,-0.739599089776793,0.16908542548732658,0.1935703074361307,-0.2673682818734158,0.2641275252355224,-0.177785650953744,0.1480875212609013,0.2783721101496008,0.08703790499473163,0.18479178291612577,0.24730929767531934,0.19261520437199656,0.3023198334381207,0.5069822946618112,-0.5167225529963574,-0.36875942564705905,0.2812364305358008,0.022496319533426484,-0.42161139732944825,-0.4590305430182043,-0.19570886347372243,-0.16756935477556,-0.10805343105823842,0.15127465154804998,0.7233961659235308,0.17982863883738165,-0.05023212490666096,-0.17034520407768833,0.2774320403909374,0.24730929767531934,0.11945250008940617,-0.2749302306713681,-0.21211614956346017
CYP1A2-inh,-0.15628479249550822,0.16264279368564988,0.4195290956292085,-0.23590669590157176,-0.34371737130684477,-0.33456660654141024,0.5219244285151956,-0.2161332595185927,0.8267798424507133,0.08201314597208277,0.6520601190908007,0.6633278418097976,0.18275974997461225,-0.740928590549242,0.9999999999999997,0.5592775018398237,0.30895738741449186,0.5220667190660555,0.36614919218936026,0.4845003114759737,0.12454015080920562,-0.11297390153657957,0.37654116994606684,0.20361396434965823,0.14144397611718948,0.22679174146194786,-0.128025744278266,0.1429845033850327,0.4172276030537999,0.17131812222271883,-0.17967481404731592,0.044573056068757236,0.34084196709685033,0.035676627243899486,0.17250315041155256,0.6208710458216278,-0.2553386605116451,0.6586890013103972,0.2149274763126995,-0.02710541908719092,0.4065407284474432,0.656313929688564,0.8576303445829195,0.7369354528710377,0.7133193372157405,0.5363764795524493,0.5754923789111008,0.7258637400668434,0.49142989682482763,0.09782119197031482,0.8141701775538417,0.6828633434782123,0.6892300356165545,-0.46045441390512953,-0.4749877311786619,0.23113821018718397,-0.5552393336923404,-0.23564707977566635,-0.426174450900058,-0.5466983092710147,-0.40077140038859477,-0.496517159616303,-0.5734959699493104,-0.4555842418563105,-0.5182088095591333,-0.54301792450632,0.21721278462736954,0.3179524419043763,-0.22255063191666208,-0.14744355995967542,-0.13549965433398914,0.5699353376354841,-0.019563146627268636,0.10053213018767367,0.50571189386761,-0.26959885198721956,-0.7008566535123048,-0.44763215744610046,0.3040777053409759,-0.02377823086195315,-0.48719095828260406,-0.5734959699493103,-0.035344242632564644,0.5436457074133914,0.5144551184555062
CYP1A2-sub,-0.35997513249367374,-0.038754887928837675,0.15748481247388996,-0.14542466904386434,-0.051760295641341464,-0.18765507465497538,0.08638707270148954,-0.1535233400134976,0.418441803424905,-0.03912575355224968,0.6108273863604547,0.4185077441841372,0.23493555878125774,-0.5305276601423972,0.5592775018398237,0.9999999999999996,-0.11360720270827131,-0.11908595678964884,0.04141467953208282,0.4531023784691797,0.05439677386389541,-0.09695310504813383,-0.14724106182131863,0.03565984339150658,0.23440856777931213,-0.0818189220302303,-0.1025307652202971,-0.003002405044030922,0.1864103701214788,0.4993592273132695,-0.35861816481210257,0.018605798127605697,0.34412939056885966,0.3907338776423519,-0.13424491349849596,0.35920630731985354,0.2971607137090976,0.2964301977004321,-0.024988919276573512,-0.21710474046099407,0.07214549654074495,0.5287027815463057,0.4835849429258255,0.1820122769708722,0.11035588674522942,0.41953697451359506,0.5246101568335102,0.14366329348377616,0.20724009323425266,-0.21495757584764763,0.5762614817190318,0.36905264201701293,0.2961545794691076,-0.2766890729454159,-0.33531065925095116,0.6311932991172393,-0.3314025729373208,0.029356656011072867,-0.20706364840052155,-0.3990252167209432,-0.27022971123617334,-0.21601271717048068,-0.5123026606872625,-0.3659673983970611,-0.37180961658691036,-0.38971652170439,0.5788779959507327,0.6265461612553603,-0.18324388774218195,-0.11983674252329216,0.10059582546691112,0.7911303056199765,0.004979927320169549,-0.013715847587305674,0.12619543363006241,-0.15453139232769575,-0.47607659813473,-0.25683928575980397,0.04059556479497787,-0.06701806936599386,-0.3744714496513915,-0.5123026606872624,-0.12034698891906823,0.4029164247199307,0.3767451714094803
CYP2C19-inh,0.06427676419721773,0.3302980026599762,0.44358841867882176,-0.23078134532573982,-0.07294600688337055,-0.24622209564020703,0.24245089616889162,-0.10708677523393596,0.36633262800746635,0.10141457904421342,-0.09378353330885204,-0.06479492558535761,-0.02927666988086031,0.025426696635589476,0.30895738741449186,-0.11360720270827131,1.0,0.5157385224604976,0.39170564792500084,-0.01980250075160355,0.40875983057918114,-0.11300449655830874,0.6154844097970578,0.39708287271753423,0.13294585926208935,-0.023159711131158972,-0.11548712499719913,0.2948021891317122,0.2675355410377883,-0.4473245435859272,0.2789784179595275,0.07533801750778929,-0.17100738805473154,-0.01528232245465477,0.12486053355306545,0.2247231625207861,-0.16303983242557252,0.3067243666100958,0.44327573933273645,0.21057344504105027,-0.0020579959948198627,0.1576870140532191,0.18482322372189466,0.4155897435760468,0.4430954816483458,0.04602746245524078,-0.09113740674384593,0.3802185018018412,0.06355722143790325,-0.07520363588765636,0.10751897694520642,0.26679342487254926,0.2805489777038226,-0.22585494945122148,-0.20027579558421052,-0.20304295723095955,-0.3298774231439725,-0.5108365193947124,-0.3744567165582603,-0.14785160660458257,-0.23920487605124907,-0.3317232474387639,-0.0050412550334908435,-0.19840500245554138,-0.07654885954956415,-0.1730046288153721,-0.18318543611838844,-0.009564005851719393,-0.017072060985573987,-0.21110255452743,-0.3932667345310246,-0.022300311388417857,-0.019496053185820598,0.1784365794162418,0.48205038497270764,-0.31336113959757306,0.07808024505313266,-0.24011712391399034,0.08160316266534835,0.07743698439949649,-0.0793440190474517,-0.005041255033490843,0.27198334593456674,0.1245314326564131,0.038747188536767396
CYP2C19-sub,0.005379921756263629,0.2602661476793021,0.5856847653971755,-0.04535962816117146,-0.12030474200964833,-0.04331614394278875,0.8191458260762929,-0.04792757583009617,0.5689954070970478,-0.30861023211881994,-0.05426064046653771,0.40473845345160187,-0.0026344028655969874,-0.4411379666811611,0.5220667190660555,-0.11908595678964884,0.5157385224604976,1.0,0.3000274063413051,0.45848578161886994,0.16222066831417767,0.2088707865675118,0.5305234983165941,0.27975867546016064,0.002541600280607473,0.2591124801484653,0.025784170185653436,0.0910876116995245,0.08119480739957233,-0.08670601868181418,0.06466780387751353,0.056481773697054295,0.13498683209671483,-0.3133458128309693,-0.03167822209245672,0.46309570311148623,-0.34762619435316167,0.4821876426978338,0.10283707379276238,0.034286727411170184,0.27358662308019144,0.12699416376780875,0.2818789372589785,0.8849936254325292,0.9002843756028837,0.05263044282630566,0.42610886504541795,0.883018849068015,0.5156631561521806,-0.10270524317399937,0.14917209275213258,0.48075770861591327,0.6732569904713912,-0.24755780044198444,-0.19985809718177272,-0.41231364615253296,-0.35416457394626316,-0.2562514516953018,-0.36083125487584,-0.21429900390955736,-0.159781622269132,-0.39121902625015026,0.07035164763221015,-0.18640532965976542,-0.19704155037364784,-0.3751182214523122,-0.20401566533683924,-0.18673826481061767,-0.08996482552487348,-0.06696536989745738,-0.15407255677282422,-0.18364688263531184,-0.09271222691400816,0.0617593335798679,0.42898184144909024,-0.3061007542274192,-0.21303266465445952,-0.2504583581789464,0.22431644490970526,-0.11541582269837165,-0.15662623690047112,0.07035164763221011,0.14627437162568058,0.13632981524214344,0.10781331041873617
CYP2C9-inh,-0.38781823555514694,0.05396861794266816,0.21241790757643864,-0.07084418055863256,-0.008907514330233783,-0.30704696242852797,0.18728853909833923,-0.2196668308648731,0.2292624709398456,-0.15068743912225463,0.2385143372948484,0.20762047928763722,0.378521183169619,-0.16499755201418248,0.36614919218936026,0.04141467953208282,0.39170564792500084,0.3000274063413051,1.0000000000000004,0.010577853598174165,0.39811588180870805,0.33146970705898,0.4758483340946146,0.21123243302308525,0.15553851778669892,-0.22954051492926889,0.3655300942789093,0.6574324403093337,0.00548685733203009,-0.07390296396200603,-0.03852670493479417,0.463138156694609,0.11049300606598211,0.18550452637473785,-0.12124431916129753,-0.021424750310915484,0.182129746500656,0.09338265898666,0.22682295183369688,0.03715370707116937,0.16395433728804004,0.3772821941515881,0.40100504320916835,0.3187153962160191,0.2964941117498176,0.31012920447074455,0.11647048528674954,0.3278760646555633,0.29991196541824305,-0.08730175619797817,0.4766309186661491,0.47283373590932964,0.5247203299891692,0.033592225402278506,0.07456460945247914,-0.34445896163788553,-0.047023760021255974,-0.07191384485144428,-0.07982994152298829,0.11433821997506921,-0.09472290602956202,-0.05552062864793851,-0.3073966630878556,-0.07183068175579801,0.1868219530384152,-0.31583510202063647,0.031331855122955554,-0.04969838894127142,-0.027103942220330156,0.39061454425528563,-0.12041802006757625,0.13270562398975483,0.3752605040196384,0.40470529929858184,0.146572208942847,-0.006531404456763559,0.03576684858920627,-0.06758892583345905,-0.2102374425626744,0.19198279859007095,-0.09067175618255321,-0.3073966630878555,0.597902604323479,-0.020534896724982387,-0.10207260041996187
CYP2C9-sub,-0.2141931744501847,0.10012653661845666,0.38752783954976133,-0.19353990024629292,-0.38053966592699173,-0.014736041982243053,0.5924149328721355,-0.13964344472694462,0.2975994797344386,-0.3632832484027865,0.06746069111782205,0.6259110765183271,0.2013896635956869,-0.7136807582804761,0.4845003114759737,0.4531023784691797,-0.01980250075160355,0.45848578161886994,0.010577853598174165,0.9999999999999998,0.1220571654982155,0.3237363183942485,-0.0013729112455735572,-0.1289409172750832,0.33188108109868686,0.3169274359885179,-0.05788747745417379,-0.13279147598627236,0.08268335067513023,0.6563550365156656,-0.3897362598736497,-0.017293154516186293,0.3134474264377257,-0.10395881794097135,-0.14293640973623956,0.7023228535942844,0.0036872033362823553,0.5492879335536687,-0.2725012528672234,-0.2491924147710474,0.2362596075720288,-0.03306631732880609,0.17638089083487085,0.6482856452384582,0.5016207000728072,-0.08028189476883926,0.9132991612400755,0.6798481936332595,0.6948032516870907,-0.22599023331447265,0.20742834560400683,0.5678083311705301,0.6631898396012357,-0.32841563460385537,-0.3377055811928342,0.16356135595419155,-0.3646514580341619,0.11547513467564552,-0.27745677315785205,-0.33796162461921925,-0.2545608883820323,-0.33628973327086475,0.12136638217601725,-0.35149397157873535,-0.3033355984293781,-0.5750932078229516,0.362764190310351,0.15984940761540728,-0.14079699317552707,-0.10934262009226305,0.3292690527619427,0.08202126022133088,0.06353420623311443,0.16552973296255608,0.10428666352593702,-0.3729095782717691,-0.6026851399604658,-0.35742320656750876,0.2792788886646594,-0.08870527536142181,-0.28724692387431827,0.12136638217601725,-0.10128104428986462,0.3349044607944141,0.2935700827128701
CYP2D6-inh,-0.23053760887745717,0.32855567695012994,0.5074272337726025,-0.22559014319494455,-0.15567369117832047,-0.37387851181768517,0.033167309274432996,-0.3419193131481798,0.18116917460622,-0.13264625197988883,-0.14646901495565035,0.004002534033786674,0.587317038050662,0.04283133226768106,0.12454015080920562,0.05439677386389541,0.40875983057918114,0.16222066831417767,0.39811588180870805,0.1220571654982155,1.0000000000000002,0.27928063782548235,0.44797423996526264,0.5136566192182006,0.6234958921726059,-0.25421100462581625,0.19982669729478708,0.6352161787247521,0.31688525482501007,-0.12576733509093999,0.1742585900873171,0.41543419321954805,-0.19652847672332377,-0.0792580383099118,0.11337540878018995,0.10235924299095941,0.09667347000572792,0.46287550686213264,0.45031939013915784,0.3817688480537035,0.2163655149822904,-0.12219108836707922,-0.09475469668820842,0.13438385627337932,-0.01754764303064198,-0.24669558782541248,0.01318783832811297,0.11111158609411255,0.13521323009932262,-0.007788444189728846,0.06968264318781009,0.27127685743816243,0.2731837341669774,-0.3029534193714714,-0.26318055600486023,-0.27634068732618877,-0.4387317203041299,-0.512145344804206,-0.5543995676521355,-0.18704919315261007,-0.2970698867242247,-0.43043252728789666,0.18518593674691175,-0.3070980710954863,-0.06758390445451315,-0.3843249647310692,0.1037248716275084,0.001413072260885909,0.04879500364742665,-0.21842443821430613,-0.14841554529393888,-0.061971195222292094,0.2038595714462365,0.17081612703251453,0.4850986397500852,-0.4451015829785795,0.0019302466870353672,-0.326537020659468,0.0010724953536530672,0.04532062687509201,-0.3868589716493314,0.1851859367469117,0.5429002857547923,0.20117751639776266,0.13540534173325908
CYP2D6-sub,-0.5418353122799775,-0.11406939019588183,0.10720526880293352,0.11796983897594228,0.0248326690322909,0.33530054656957164,0.23351482859518996,-0.06463962743568481,-0.10106241908424841,-0.44274528155211257,-0.17399833507425422,0.14353167325090824,0.4732880055759283,-0.10276492102638453,-0.11297390153657957,-0.09695310504813383,-0.11300449655830874,0.2088707865675118,0.33146970705898,0.3237363183942485,0.27928063782548235,0.9999999999999998,-0.07313176659344023,0.005942005103262722,0.32326929004848326,-0.3169327819988477,0.42230865636066695,0.31820037008143,-0.4769248550379091,0.2677590024737171,-0.15127671602267295,0.3871691049627486,0.2094007541121523,0.1599647716285532,-0.25976367587655563,-0.08467470831044623,0.40076890500234247,-0.08428351240457613,-0.378061759521529,-0.17798558842504866,-0.10948009194293021,-0.2270357192513505,-0.1447737286111347,0.14821846460702243,0.02381563283035139,-0.27516765043351443,0.2566919145164508,0.15451844309418078,0.3599006315680363,-0.3340652129019769,-0.07220891646069193,0.1414637396500607,0.39084370787522077,0.06761864175781773,0.11287629254274573,-0.3937701358109263,0.04879025729384212,-0.002478421479343499,-0.14222816030895702,0.2445192927874183,0.012963769678053898,0.01630165459312441,0.24989329071447322,-0.01242999896554537,0.3476039807639842,-0.47936422143125706,0.17476723941950734,-0.11765245202034215,-0.0156169997035893,0.2785017639962682,0.3405790226262851,-0.20130571559440225,0.4423958185312565,0.37812272256880086,-0.12353371768870015,-0.22589086483045753,0.20523127540932068,-0.06745720748844009,-0.45354427308273504,0.09396482724010664,-0.01659382624796109,0.249893290714473,0.21871886683212077,-0.1758403951786917,-0.2897504998736419
